time,voltage,current
61,0.07,22.95
583,0.06,23.00
1107,0.06,23.02
1631,0.06,23.02
2154,0.06,23.01
2677,0.06,23.01
3201,0.06,23.02
3724,0.06,23.02
4247,0.06,23.02
4773,0.87,22.47
5297,1.14,21.89
5826,0.99,21.95
6351,1.05,21.87
6876,1.02,21.80
7399,0.99,21.72
7922,1.04,21.65
8445,1.04,21.59
8969,1.02,21.55
9492,1.01,21.47
10015,1.03,21.42
10539,1.02,21.37
11062,1.03,21.30
11585,1.02,21.24
12108,1.02,21.20
12632,1.04,21.15
13155,1.01,21.14
13678,1.01,21.07
14201,1.03,21.04
14725,1.01,21.01
15248,1.00,20.96
15771,1.01,20.92
16294,1.03,20.89
16818,1.03,20.85
17341,1.01,20.83
17864,1.01,20.78
18387,0.99,20.76
18911,1.03,20.71
19434,1.04,20.71
19964,0.98,20.68
20488,1.03,20.64
21011,1.02,20.65
21534,1.04,20.61
22057,1.02,20.59
22582,0.98,20.55
23104,1.02,20.56
23628,0.99,20.53
24152,1.05,20.51
24675,1.03,20.51
25198,1.02,20.50
25721,1.01,20.50
26245,1.04,20.48
26769,1.00,20.47
27291,1.03,20.43
27815,0.97,20.50
28339,1.02,20.44
28862,1.03,20.46
29385,1.05,20.43
29908,0.99,20.44
30432,1.02,20.41
30955,1.00,20.42
31478,1.00,20.42
32003,1.00,20.41
32526,1.01,20.42
33049,1.04,20.41
33572,1.02,20.41
34096,0.97,20.39
34628,1.00,20.40
35153,1.06,20.39
35678,0.99,20.39
36201,1.06,20.37
36724,1.02,20.40
37248,1.02,20.38
37771,1.01,20.39
38294,1.04,20.37
38817,1.01,20.39
39341,1.01,20.36
39864,1.03,20.38
40387,0.99,20.35
40910,1.04,20.36
41434,1.00,20.35
41957,1.03,20.31
42480,1.02,20.25
43003,1.00,20.29
43527,1.00,20.33
44050,1.02,20.30
44573,0.99,20.32
45096,1.05,20.33
45620,0.99,20.32
46144,1.03,20.30
46667,1.04,20.33
47190,1.02,20.31
47713,0.96,20.31
48237,1.04,20.31
48760,1.02,20.31
49288,1.03,20.29
49816,1.02,20.31
50339,0.98,20.29
50864,0.94,20.31
51387,1.06,20.29
51910,1.00,20.30
52433,1.00,20.29
52957,1.01,20.33
53480,1.02,20.30
54003,1.01,20.29
54526,0.98,20.28
55050,0.95,20.30
55573,1.02,20.29
56096,1.02,20.28
56621,0.97,20.28
57144,0.99,20.29
57667,1.03,20.28
58190,1.04,20.29
58714,1.01,20.29
59237,1.03,20.29
59760,1.05,20.29
60283,0.94,20.26
60807,0.99,20.28
61330,1.05,20.24
61853,1.01,20.30
62377,1.01,20.26
62901,1.01,20.25
63428,0.99,20.27
63951,1.00,20.26
64478,1.04,20.27
65001,1.01,20.26
65524,1.02,20.26
66049,1.01,20.27
66572,1.00,20.25
67095,1.04,20.26
67618,1.02,20.26
68142,1.00,20.26
68665,1.03,20.26
69188,0.99,20.25
69711,1.02,20.26
70235,1.01,20.26
70759,1.00,20.25
71282,1.01,20.24
71805,1.02,20.24
72329,0.98,20.25
72852,1.03,20.25
73375,1.01,20.25
73899,1.01,20.23
74422,1.00,20.25
74945,1.04,20.24
75469,1.00,20.24
75993,1.03,20.23
76516,1.00,20.25
77039,1.06,20.23
77562,0.99,20.25
78089,1.01,20.24
78613,0.95,20.26
79139,1.04,20.25
79663,1.04,20.24
80186,1.02,20.24
80709,0.99,20.23
81232,0.99,20.23
81756,1.00,20.24
82279,1.02,20.23
82803,1.00,20.24
83326,1.01,20.23
83850,0.99,20.21
84373,0.96,20.21
84896,1.01,20.23
85421,1.04,20.22
85944,1.02,20.21
86467,1.01,20.21
86990,1.12,20.14
87514,1.03,20.21
88038,1.03,20.21
88561,1.72,19.73
89084,3.94,18.79
89608,1.09,20.02
90131,1.02,20.16
90654,1.02,20.17
91179,0.98,20.20
91702,1.04,20.18
92225,2.85,19.20
92752,4.05,18.71
93277,3.63,18.92
93800,1.06,20.07
94326,1.03,20.14
94850,1.03,20.16
95373,1.00,20.17
95896,1.03,20.18
96420,1.00,20.18
96944,1.02,20.18
97467,1.02,20.18
97990,1.01,20.19
98514,1.01,20.17
99038,0.98,20.17
99561,0.99,20.17
100084,0.99,20.17
100608,1.00,20.17
101132,0.98,20.17
101655,1.00,20.16
102178,0.98,20.17
102703,1.00,20.15
103226,0.98,20.17
103749,1.00,20.16
104273,0.98,20.16
104797,1.01,20.16
105320,0.98,20.16
105843,1.00,20.15
106368,1.01,20.16
106895,1.02,20.16
107419,1.02,20.17
107942,1.02,20.15
108469,0.98,20.15
108992,1.01,20.15
109515,1.00,20.16
110040,1.05,20.14
110563,0.99,20.16
111086,1.01,20.14
111609,0.99,20.15
112133,1.02,20.15
112657,1.02,20.16
113180,1.01,20.15
113703,1.00,20.15
114227,1.03,20.16
114750,0.99,20.13
115273,1.02,20.16
115796,0.99,20.13
116321,1.05,20.14
116844,0.98,20.14
117367,1.07,20.13
117891,0.97,20.14
118414,1.02,20.13
118938,1.01,20.14
119461,1.02,20.13
119985,1.01,20.13
120508,1.00,20.13
121031,1.03,20.15
121561,1.06,20.10
122085,0.98,20.13
122611,1.02,20.13
123134,1.01,20.13
123658,1.01,20.12
124181,0.99,20.12
124704,1.00,20.11
125228,1.00,20.13
125751,1.02,20.12
126275,1.02,20.12
126798,1.02,20.12
127322,1.01,20.13
127845,1.02,20.12
128368,1.01,20.12
128891,1.02,20.11
129416,0.98,20.11
129939,1.01,20.10
130462,1.00,20.12
130985,1.02,20.11
131509,1.02,20.12
132032,1.02,20.12
132556,1.00,20.12
133080,1.01,20.12
133603,1.00,20.12
134126,1.02,20.12
134649,1.00,20.12
135173,1.03,20.12
135701,1.00,20.12
136224,1.01,20.11
136751,0.98,20.11
137275,1.02,20.10
137798,1.00,20.11
138321,1.03,20.10
138845,1.00,20.11
139369,1.01,20.10
139892,0.99,20.11
140416,1.03,20.10
140940,1.00,20.11
141463,1.04,20.11
141986,1.01,20.11
142510,1.00,20.09
143034,1.01,20.10
143557,1.03,20.10
144080,1.00,20.10
144605,1.01,20.09
145130,1.01,20.10
145653,1.04,20.10
146176,1.01,20.10
146700,1.05,20.09
147223,1.02,20.10
147746,1.01,20.09
148270,1.01,20.10
148793,1.04,20.09
149316,1.00,20.09
149839,1.02,20.09
150368,1.02,20.10
150896,1.03,20.08
151420,1.01,20.09
151944,1.04,20.09
152467,0.97,20.09
152990,1.03,20.08
153513,1.00,20.09
154037,1.02,20.08
154560,0.99,20.10
155084,1.01,20.08
155608,1.02,20.09
156131,0.99,20.08
156654,1.00,20.09
157177,1.01,20.07
157701,1.00,20.08
158224,1.02,20.07
158747,1.01,20.08
159270,1.01,20.07
159794,1.00,20.08
160317,1.03,20.08
160840,0.98,20.07
161363,1.03,20.07
161887,0.99,20.07
162410,1.01,20.07
162933,1.01,20.08
163457,1.03,20.07
163980,0.98,20.07
164507,1.03,20.07
165035,0.97,20.07
165558,1.03,20.07
166081,1.00,20.07
166604,1.01,20.06
167128,0.99,20.08
167651,1.00,20.06
168174,0.97,20.06
168697,1.00,20.07
169222,1.03,20.06
169745,1.01,20.06
170268,1.04,20.07
170791,1.02,20.06
171315,1.02,20.05
171838,1.04,20.06
172361,1.00,20.05
172884,1.02,20.06
173408,1.03,20.06
173931,1.01,20.05
174455,1.01,20.05
174979,1.02,20.06
175502,1.04,20.06
176025,1.00,20.05
176548,0.98,20.04
177072,1.01,20.05
177595,1.05,20.05
178118,1.01,20.05
178641,0.98,20.04
179173,1.00,20.05
179696,1.05,20.05
180219,1.03,20.04
180743,1.04,20.03
181266,0.97,20.04
181789,0.98,20.04
182312,0.99,20.05
182836,1.02,20.03
183359,0.97,20.06
183882,0.99,20.04
184406,1.01,20.04
184929,1.03,20.04
185452,1.00,20.05
185975,1.02,20.03
186499,0.99,20.04
187022,1.00,20.03
187545,0.96,20.03
188069,1.01,20.03
188593,1.01,20.04
189115,1.04,20.03
189638,1.00,20.02
190162,0.98,20.01
190686,1.02,20.04
191208,1.04,20.02
191732,1.00,20.02
192256,0.99,20.02
192779,1.04,20.03
193307,1.00,20.03
193831,1.01,20.01
194355,0.93,20.03
194878,1.03,20.01
195401,1.05,20.02
195924,1.04,20.02
196449,0.99,20.01
196972,0.98,20.00
197495,1.04,20.03
198019,1.01,20.01
198542,0.99,20.00
199066,0.99,20.00
199589,1.00,20.00
200113,0.99,20.01
200636,1.03,20.01
201159,1.05,20.00
201683,1.07,20.00
202207,1.02,20.01
202730,1.05,20.00
203253,1.02,20.01
203777,1.02,20.00
204301,0.99,20.01
204824,1.01,20.00
205347,0.98,19.99
205871,0.99,19.99
206394,0.99,20.00
206918,1.02,19.99
207446,1.01,20.00
207973,1.04,19.99
208497,1.00,19.99
209020,1.02,19.99
209544,0.97,19.99
210067,1.00,19.99
210591,0.99,19.99
211115,1.01,19.98
211638,1.01,19.99
212161,1.02,19.99
212684,1.02,19.99
213208,1.03,19.99
213731,1.02,19.99
214255,1.04,19.99
214778,1.01,19.98
215303,1.01,19.98
215826,1.02,19.98
216349,1.04,19.98
216872,1.02,19.99
217396,1.00,19.97
217920,1.02,19.97
218443,1.00,19.97
218967,1.02,19.96
219491,1.01,19.97
220014,1.03,19.96
220537,1.00,19.97
221061,1.00,19.96
221587,1.00,19.97
222115,0.99,19.95
222639,1.02,19.96
223162,1.02,19.96
223685,1.02,19.95
224208,1.02,19.96
224733,0.99,19.95
225256,0.99,19.96
225779,1.00,19.96
226302,1.01,19.95
226826,1.02,19.97
227349,0.97,19.95
227873,1.02,19.96
228397,0.89,19.96
228920,1.03,19.95
229443,1.00,19.95
229966,1.03,19.94
230490,1.01,19.95
231014,1.03,19.95
231537,0.97,19.94
232060,1.04,19.94
232584,1.00,19.92
233107,1.05,19.95
233630,0.98,19.93
234155,1.03,19.94
234678,0.99,19.94
235201,1.02,19.94
235728,1.00,19.93
236252,1.00,19.94
236780,1.02,19.94
237304,0.94,19.93
237828,1.03,19.93
238351,0.98,19.93
238875,1.05,19.94
239398,0.98,19.92
239922,1.05,19.93
240445,0.97,19.95
240969,0.98,19.92
241492,0.93,19.93
242016,1.01,19.93
242539,1.02,19.93
243063,1.02,19.92
243587,0.99,19.92
244110,1.02,19.93
244633,0.97,19.91
245157,0.99,19.92
245681,1.03,19.91
246204,1.02,19.93
246728,0.99,19.90
247251,1.00,19.92
247775,1.01,19.91
248298,0.98,19.91
248822,1.02,19.91
249346,0.99,19.91
249872,0.99,19.90
250395,1.04,19.91
250923,1.01,19.91
251446,1.01,19.92
251969,1.00,19.91
252493,1.01,19.90
253017,1.03,19.91
253540,1.00,19.90
254063,1.00,19.90
254586,1.02,19.89
255110,1.00,19.90
255634,1.04,19.90
256157,1.00,19.90
256680,1.02,19.89
257204,1.00,19.90
257727,1.02,19.89
258250,0.93,19.91
258775,1.02,19.89
259298,0.98,19.88
259821,1.02,19.89
260344,1.00,19.89
260868,1.00,19.89
261391,1.02,19.88
261915,1.03,19.90
262438,1.00,19.87
262962,1.02,19.89
263485,1.02,19.87
264012,1.02,19.89
264536,1.00,19.87
265059,1.01,19.89
265587,1.02,19.87
266112,1.01,19.88
266636,1.04,19.87
267158,0.97,19.87
267681,1.01,19.87
268206,1.04,19.88
268729,1.02,19.87
269252,0.98,19.86
269775,1.00,19.87
270299,1.05,19.87
270822,1.00,19.87
271345,0.99,19.86
271868,1.01,19.87
272392,1.04,19.86
272915,0.99,19.88
273438,0.99,19.87
273961,0.96,19.88
274485,1.01,19.87
275009,1.04,19.88
275531,1.01,19.87
276056,1.02,19.87
276579,0.99,19.86
277102,0.99,19.85
277625,1.00,19.87
278152,1.02,19.86
278674,1.03,19.88
279197,1.04,19.87
279725,1.03,19.86
280248,1.00,19.86
280772,0.94,19.86
281295,0.97,19.85
281819,0.94,19.87
282342,0.96,19.85
282865,0.98,19.84
283388,0.96,19.86
283912,0.97,19.84
284436,1.00,19.84
284959,1.00,19.84
285483,0.94,19.85
286006,0.98,19.84
286529,0.93,19.84
287052,0.98,19.84
287576,0.98,19.84
288100,0.96,19.84
288623,1.01,19.84
289146,1.00,19.84
289670,1.01,19.84
290193,1.01,19.84
290716,1.02,19.85
291239,0.97,19.85
291764,0.96,19.83
292290,1.05,19.85
292813,1.00,19.83
293337,1.00,19.83
293860,1.00,19.84
294386,1.03,19.84
294910,1.00,19.84
295434,1.02,19.83
295957,0.93,19.84
296480,1.04,19.81
297004,0.95,19.83
297527,1.01,19.82
298050,0.97,19.82
298573,0.99,19.82
299097,1.00,19.82
299620,1.02,19.83
300143,1.04,19.82
300665,1.01,19.83
301190,0.99,19.81
301712,0.99,19.83
302235,1.04,19.82
302758,1.00,19.83
303282,0.99,19.81
303805,0.99,19.82
304328,1.04,19.82
304851,1.00,19.83
305375,1.01,19.82
305898,1.00,19.81
306424,1.00,19.81
306949,1.01,19.81
307472,1.02,19.82
307996,1.02,19.81
308520,0.97,19.81
309049,1.02,19.81
309573,1.00,19.82
310096,1.03,19.81
310620,1.00,19.81
311143,0.99,19.80
311667,1.01,19.81
312190,1.01,19.81
312714,1.03,19.81
313237,1.01,19.81
313761,1.00,19.79
315796,1.01,19.81
316320,1.02,19.84
316844,1.02,19.84
317367,1.01,19.83
317890,1.00,19.83
318414,0.99,19.82
318938,0.99,19.83
319461,1.02,19.82
319984,1.00,19.83
320507,1.03,19.83
321032,1.03,19.83
321555,1.02,19.82
322081,1.01,19.82
322605,1.01,19.82
323128,0.98,19.82
323652,0.99,19.82
324175,1.02,19.82
324703,1.00,19.82
325227,1.02,19.82
325751,1.01,19.83
326275,1.04,19.82
326799,1.00,19.82
327323,1.02,19.82
327846,1.00,19.82
328370,0.99,19.81
328893,0.99,19.81
329416,1.01,19.82
329939,1.02,19.81
330463,1.00,19.81
330986,1.02,19.81
331510,1.01,19.82
332034,1.04,19.81
332557,1.02,19.82
333080,1.02,19.81
333603,1.00,19.80
334127,1.01,19.80
334650,1.00,19.80
335173,1.01,19.81
335696,1.01,19.80
336223,1.01,19.80
336746,1.02,19.80
337270,1.00,19.80
337794,1.02,19.79
338318,0.99,19.79
338841,1.01,19.79
339369,0.99,19.78
339893,1.00,19.78
340417,1.00,19.79
340940,1.02,19.78
341464,1.01,19.79
341987,1.01,19.79
342510,1.01,19.78
343033,1.00,19.78
343557,1.03,19.78
344080,0.99,19.79
344604,1.00,19.78
345127,1.02,19.79
345651,1.01,19.77
346174,1.00,19.77
346698,1.04,19.78
347222,1.01,19.77
347745,1.00,19.77
348268,1.06,19.77
348791,0.97,19.79
349316,1.01,19.77
349839,1.01,19.80
350365,1.01,19.78
350900,0.93,19.79
351423,1.01,19.78
351946,1.08,19.79
352470,1.05,19.77
352994,1.02,19.77
353519,0.94,19.78
354042,1.05,19.78
354566,1.01,19.77
355090,0.95,19.76
355613,1.01,19.74
356136,1.03,19.74
356661,0.99,19.75
357184,0.96,19.75
357707,1.03,19.75
358231,1.00,19.76
358755,1.02,19.75
359280,0.99,19.75
359803,1.00,19.75
360326,1.00,19.76
360850,1.01,19.76
361373,1.01,19.75
361896,1.00,19.76
362419,0.96,19.77
362943,1.03,19.76
363466,1.02,19.74
363990,0.98,19.76
364510,1.04,19.75
365034,0.99,19.74
365557,1.03,19.75
366081,1.00,19.75
366604,1.01,19.75
367127,1.04,19.74
367650,0.99,19.75
368177,1.04,19.75
368702,1.00,19.74
369227,1.01,19.74
369752,1.04,19.75
370275,1.01,19.74
370798,1.00,19.74
371321,1.00,19.74
371845,1.04,19.74
372369,1.01,19.75
372891,0.98,19.73
373415,1.00,19.74
373939,1.02,19.74
374462,1.01,19.74
374985,1.01,19.74
375508,0.99,19.73
376032,1.01,19.73
376555,1.01,19.73
377078,1.02,19.74
377602,1.01,19.73
378128,0.98,19.73
378651,1.01,19.73
379174,0.99,19.73
379698,1.03,19.74
380222,1.00,19.73
380746,1.00,19.73
381270,1.00,19.73
381793,1.00,19.73
382316,1.04,19.74
382843,1.00,19.73
383368,0.99,19.72
383891,0.99,19.73
384414,1.02,19.73
384937,0.97,19.72
385461,1.02,19.73
385984,1.03,19.73
386508,1.01,19.72
387032,0.99,19.71
387555,1.00,19.72
388078,1.03,19.72
388601,1.00,19.73
389125,1.01,19.72
389648,1.00,19.72
390171,1.01,19.71
390694,0.98,19.71
391218,1.00,19.71
391741,1.01,19.72
392267,0.98,19.71
392791,1.02,19.71
393314,0.98,19.72
393837,1.05,19.71
394360,0.99,19.72
394884,1.01,19.71
395407,1.03,19.71
395930,1.01,19.71
396453,1.00,19.72
396980,0.95,19.71
397503,1.06,19.71
398026,0.97,19.72
398550,0.99,19.71
399074,0.97,19.72
399597,0.98,19.73
400120,1.00,19.70
400644,0.97,19.70
401167,1.04,19.72
401690,0.97,19.71
402213,1.03,19.70
402737,1.04,19.72
403260,1.02,19.71
403783,0.98,19.70
404306,0.97,19.73
404831,1.01,19.71
405354,0.98,19.70
405877,1.05,19.71
406404,1.00,19.71
406927,1.01,19.70
407450,1.00,19.71
407973,1.01,19.70
408497,1.02,19.70
409020,0.97,19.70
409543,1.02,19.71
410066,1.00,19.70
410590,1.01,19.69
411113,1.04,19.71
411639,1.01,19.70
412164,0.94,19.70
412687,1.02,19.70
413210,1.01,19.71
413732,1.04,19.71
414256,1.05,19.69
414780,0.96,19.70
415303,1.02,19.70
415826,0.99,19.71
416350,0.99,19.69
416873,0.93,19.71
417396,1.04,19.70
417920,1.01,19.69
418443,0.98,19.69
418967,1.04,19.69
419490,1.02,19.70
420014,0.97,19.69
420540,0.96,19.69
421063,0.98,19.69
421586,0.98,19.70
422111,1.02,19.69
422634,1.04,19.71
423157,1.06,19.70
423682,1.00,19.70
424205,0.98,19.69
424728,0.98,19.68
425251,0.97,19.70
425775,1.03,19.70
426303,1.04,19.70
426827,0.98,19.70
427353,1.01,19.69
427877,1.00,19.69
428400,0.96,19.69
428923,0.98,19.68
429447,1.00,19.68
429970,1.03,19.69
430493,0.98,19.69
431016,1.03,19.68
431540,0.98,19.69
432063,0.97,19.68
432586,0.99,19.69
433110,1.05,19.69
433634,1.00,19.68
434157,1.00,19.69
434683,1.04,19.69
435207,1.01,19.69
435730,1.04,19.68
436253,1.00,19.69
436777,0.99,19.67
437301,0.97,19.68
437825,1.04,19.69
438348,1.01,19.68
438872,1.01,19.68
439396,1.02,19.68
439920,0.97,19.67
440448,1.03,19.68
440972,0.99,19.68
441495,1.01,19.67
442019,1.04,19.67
442542,1.02,19.68
443065,1.04,19.67
443589,1.00,19.67
444112,1.02,19.66
444636,0.98,19.67
445159,0.99,19.66
445682,0.96,19.67
446205,0.98,19.67
446729,0.99,19.67
447252,1.00,19.67
447775,1.03,19.67
448299,0.98,19.68
448825,1.00,19.68
449349,0.99,19.69
449873,1.03,19.66
450397,1.00,19.67
450921,1.02,19.68
451444,1.06,19.66
451969,1.01,19.67
452492,1.00,19.67
453015,1.01,19.66
453538,1.04,19.69
454062,1.00,19.67
454585,1.00,19.67
455113,1.03,19.66
455638,0.99,19.67
456161,1.00,19.67
456685,0.98,19.65
457207,1.01,19.66
457731,1.02,19.66
458255,1.02,19.66
458778,1.03,19.69
459301,0.99,19.66
459825,0.97,19.65
460348,0.98,19.66
460871,0.99,19.66
461394,1.00,19.68
461918,1.01,19.65
462441,1.05,19.66
462967,1.00,19.66
463491,1.03,19.66
464014,1.03,19.67
464538,1.06,19.67
465061,1.03,19.66
465585,1.01,19.66
466109,1.06,19.65
466632,1.02,19.66
467155,1.01,19.65
467680,1.00,19.65
468204,1.01,19.65
468728,0.99,19.64
469255,1.00,19.65
469780,1.00,19.65
470303,1.02,19.67
470827,1.01,19.65
471350,0.97,19.65
471873,1.01,19.65
472396,1.03,19.65
472920,1.00,19.65
473443,1.01,19.65
473966,1.02,19.65
474489,1.03,19.64
475013,1.00,19.64
475536,1.00,19.64
476059,0.99,19.64
476582,1.02,19.64
477109,1.00,19.64
477632,1.01,19.64
478155,1.04,19.65
478679,0.99,19.65
479202,0.99,19.63
479726,0.98,19.64
480249,1.01,19.64
480773,0.97,19.64
481296,1.01,19.64
481819,1.02,19.64
482343,0.99,19.64
482867,1.02,19.63
483390,1.02,19.65
483919,1.02,19.64
484444,0.98,19.64
484968,1.02,19.64
485492,1.00,19.64
486016,0.98,19.63
486539,1.00,19.63
487062,1.02,19.64
487585,1.02,19.63
488110,1.00,19.64
488632,1.01,19.63
489156,1.00,19.63
489679,1.00,19.63
490203,1.01,19.64
490726,1.01,19.64
491252,1.02,19.63
491776,0.98,19.63
492299,1.01,19.63
492822,1.00,19.64
493345,1.01,19.63
493869,1.01,19.63
494392,1.02,19.63
494916,1.01,19.63
495439,0.97,19.62
495963,1.02,19.63
496486,1.02,19.64
497010,1.01,19.63
497532,0.98,19.62
498061,1.00,19.63
498585,1.03,19.63
499108,1.01,19.63
499632,1.02,19.62
500155,0.91,19.64
500678,0.98,19.61
501202,0.95,19.63
501726,1.00,19.62
502249,1.04,19.61
502772,1.00,19.62
503297,0.94,19.60
503820,1.03,19.64
504343,1.05,19.61
504866,1.00,19.63
505393,0.94,19.62
505916,1.02,19.64
506439,0.92,19.62
506962,1.02,19.61
507486,1.01,19.62
508009,0.97,19.61
508532,1.03,19.61
509056,0.95,19.61
509580,1.01,19.61
510103,1.06,19.62
510626,1.02,19.61
511150,1.00,19.62
511673,1.02,19.62
512196,1.00,19.61
512724,0.95,19.60
513249,1.07,19.61
513772,1.00,19.63
514295,1.05,19.60
514819,0.99,19.60
515342,1.00,19.63
515865,1.00,19.61
516388,1.04,19.62
516913,1.00,19.61
517436,0.95,19.61
517959,1.00,19.61
518482,0.99,19.61
519006,1.01,19.61
519532,1.02,19.62
520055,1.03,19.62
520579,1.01,19.60
521102,0.98,19.60
521625,1.01,19.61
522148,1.02,19.60
522672,0.95,19.60
523195,1.06,19.61
523718,0.96,19.61
524241,1.02,19.60
524765,0.98,19.61
525288,0.97,19.59
525811,1.01,19.61
526334,0.99,19.60
526858,1.01,19.62
527385,1.02,19.60
527909,1.03,19.59
528433,0.97,19.60
528956,1.01,19.60
529480,1.00,19.60
530003,1.03,19.61
530527,1.00,19.63
531050,0.95,19.62
531573,1.03,19.59
532097,1.05,19.60
532620,0.98,19.59
533143,1.02,19.60
533669,1.03,19.60
534193,1.03,19.60
534717,0.97,19.61
535240,1.02,19.59
535763,1.02,19.61
536287,1.02,19.59
536810,1.00,19.60
537333,1.00,19.60
537858,0.98,19.58
538381,1.01,19.60
538904,1.05,19.60
539427,0.95,19.60
539952,1.04,19.60
540475,1.00,19.58
540998,1.04,19.61
541526,0.97,19.59
542050,1.02,19.59
542574,1.01,19.59
543097,1.01,19.59
543621,1.00,19.60
544144,1.00,19.59
544668,1.00,19.60
545191,0.97,19.58
545715,0.92,19.59
546238,1.04,19.59
546762,1.01,19.61
547286,0.97,19.58
547812,1.03,19.58
548335,0.98,19.60
548858,0.98,19.58
549382,1.03,19.59
549906,0.99,19.59
550429,1.01,19.58
550952,0.99,19.62
551476,1.02,19.59
551999,0.96,19.58
552523,1.04,19.59
553047,1.01,19.59
553570,1.01,19.59
554093,1.02,19.57
554616,1.00,19.58
555141,1.05,19.61
555664,1.02,19.61
556191,1.00,19.59
556717,0.97,19.56
557243,0.96,19.60
557767,0.92,19.60
558290,1.04,19.58
558814,1.03,19.59
559337,1.01,19.59
559860,0.99,19.57
560384,0.97,19.57
560907,0.99,19.58
561430,1.06,19.60
561956,1.07,19.59
562480,1.01,19.58
563003,1.02,19.57
563527,0.99,19.58
564050,1.02,19.58
564575,0.99,19.58
565098,0.83,19.61
565621,1.05,19.59
566145,0.99,19.57
566669,0.97,19.56
567192,0.96,19.57
567715,1.03,19.59
568239,1.10,19.57
568763,0.99,19.58
569286,0.96,19.57
569809,0.98,19.57
570337,1.04,19.57
570860,1.05,19.59
571384,1.04,19.58
571908,0.98,19.56
572431,0.97,19.58
572954,1.02,19.57
573478,0.98,19.59
574002,1.03,19.59
574525,1.02,19.58
575048,1.01,19.57
575571,1.00,19.55
576098,1.04,19.58
576621,0.95,19.60
577144,1.00,19.57
577669,1.01,19.58
578192,1.04,19.59
578715,0.99,19.56
579238,0.96,19.59
579762,0.97,19.57
580286,1.01,19.60
580809,1.10,19.55
581332,1.00,19.57
581856,1.02,19.57
582379,0.99,19.55
582903,1.03,19.58
583427,1.02,19.55
583950,0.97,19.55
584473,1.04,19.56
585003,1.03,19.57
585527,0.97,19.55
586050,1.02,19.56
586573,1.05,19.58
587097,1.02,19.56
587620,0.95,19.56
588143,0.99,19.54
588667,1.03,19.56
589191,1.02,19.56
589714,0.99,19.56
590241,1.04,19.57
590765,0.99,19.58
591288,0.96,19.57
591811,0.97,19.55
592335,0.96,19.56
592859,0.99,19.57
593382,1.03,19.57
593905,1.06,19.58
594428,1.01,19.57
594952,1.08,19.57
595476,1.06,19.57
595999,1.01,19.56
596523,1.04,19.57
597046,1.07,19.57
597570,0.95,19.55
598093,1.00,19.55
598617,1.02,19.56
599144,1.02,19.56
599669,0.98,19.55
600193,0.98,19.53
600716,1.04,19.56
601240,0.99,19.55
601763,1.00,19.55
602287,1.03,19.55
602810,0.97,19.55
603334,1.04,19.57
603857,0.98,19.54
604384,1.01,19.56
604907,0.96,19.56
605430,0.98,19.54
605954,1.04,19.56
606478,1.02,19.56
607001,1.01,19.55
607524,1.05,19.56
608048,0.96,19.54
608571,1.01,19.55
609094,1.01,19.56
609618,0.97,19.54
610142,1.01,19.55
610665,1.00,19.56
611188,0.95,19.54
611712,0.99,19.56
612236,1.04,19.56
612759,1.06,19.56
613282,0.99,19.55
613811,1.01,19.54
614336,1.05,19.56
614859,1.00,19.55
615383,0.96,19.55
615906,1.05,19.56
616430,1.00,19.56
616953,0.97,19.54
617477,1.02,19.55
618000,1.03,19.56
618527,0.93,19.57
619049,1.05,19.55
619573,1.00,19.54
620096,0.98,19.54
620619,0.99,19.55
621144,1.03,19.55
621667,1.02,19.52
622190,0.97,19.55
622713,0.99,19.54
623237,1.00,19.57
623760,0.99,19.54
624283,1.01,19.55
624806,1.03,19.55
625330,0.98,19.53
625854,1.02,19.55
626377,0.99,19.54
626900,1.02,19.55
627424,0.99,19.54
627951,1.03,19.54
628474,1.01,19.54
628998,0.97,19.54
629521,0.99,19.56
630044,0.92,19.53
630568,1.05,19.55
631092,1.06,19.55
631615,1.01,19.52
632138,0.90,19.54
632666,1.05,19.54
633189,1.00,19.55
633712,1.00,19.54
634235,0.97,19.52
634760,0.97,19.53
635283,0.96,19.54
635806,1.02,19.53
636329,1.03,19.55
636853,0.98,19.53
637376,1.03,19.54
637899,1.04,19.53
638423,0.99,19.53
638947,1.02,19.54
639470,1.05,19.55
639993,1.02,19.53
640517,1.04,19.54
641040,1.02,19.54
641563,0.98,19.54
642089,1.01,19.53
642614,0.97,19.52
643137,0.99,19.51
643661,0.98,19.53
644185,0.95,19.52
644708,0.92,19.53
645231,1.00,19.51
645754,1.01,19.52
646281,1.01,19.54
646804,1.00,19.53
647327,0.94,19.52
647852,0.96,19.51
648375,0.94,19.52
648898,0.95,19.52
649421,1.02,19.54
649945,1.05,19.53
650469,1.08,19.54
650992,1.06,19.54
651515,1.06,19.54
652039,1.04,19.54
652562,0.97,19.53
653085,1.04,19.53
653609,1.06,19.54
654133,1.04,19.54
654656,1.02,19.52
655179,1.03,19.52
655704,1.07,19.54
656227,1.03,19.53
656754,1.01,19.53
657278,1.03,19.51
657802,1.03,19.54
658325,0.99,19.52
658848,1.01,19.52
659372,0.99,19.53
659895,1.02,19.52
660421,0.99,19.53
660944,1.01,19.52
661468,0.98,19.53
661992,1.03,19.52
662515,0.98,19.53
663038,0.99,19.53
663562,1.03,19.52
664086,1.00,19.52
664609,1.01,19.52
665133,0.98,19.52
665656,1.01,19.52
666179,1.03,19.51
666703,1.03,19.55
667227,1.06,19.52
667750,1.01,19.52
668273,1.01,19.52
668797,1.01,19.51
669321,1.00,19.52
669844,1.02,19.51
670367,0.97,19.53
670896,1.02,19.51
671419,0.98,19.51
671943,0.97,19.50
672466,0.96,19.50
672990,0.98,19.51
673513,1.01,19.52
674037,0.99,19.53
674563,1.04,19.53
675086,1.06,19.51
675609,1.01,19.52
676133,0.96,19.50
676657,0.95,19.52
677180,1.01,19.52
677703,1.02,19.51
678227,1.02,19.52
678751,0.99,19.51
679274,0.97,19.52
679798,1.00,19.51
680323,1.02,19.52
680846,0.98,19.52
681369,0.97,19.51
681892,0.96,19.50
682417,1.00,19.51
682940,1.06,19.52
683463,0.99,19.52
683986,1.02,19.51
684511,1.03,19.54
685034,1.01,19.51
685562,0.99,19.49
686086,0.96,19.51
686609,0.99,19.49
687133,0.98,19.51
687656,0.99,19.51
688180,0.92,19.50
688706,1.02,19.50
689230,1.04,19.51
689754,1.00,19.52
690277,1.03,19.52
690800,1.03,19.51
691323,1.01,19.51
691848,0.98,19.51
692371,0.95,19.50
692894,1.03,19.51
693417,1.02,19.51
693942,0.99,19.50
694465,1.05,19.49
694988,1.05,19.51
695512,1.06,19.50
696036,1.00,19.51
696559,0.97,19.49
697082,0.96,19.49
697606,1.02,19.50
698129,1.06,19.51
698653,0.95,19.50
699176,1.01,19.49
699704,1.01,19.50
700228,1.01,19.50
700752,1.01,19.49
701276,0.98,19.50
701799,1.02,19.50
702323,1.03,19.48
702849,1.01,19.49
703373,1.06,19.50
703896,0.99,19.50
704419,0.99,19.49
704943,1.03,19.52
705466,1.02,19.50
705990,1.00,19.50
706513,1.00,19.50
707037,0.99,19.48
707560,1.02,19.51
708083,0.99,19.49
708608,1.02,19.49
709131,1.01,19.49
709654,1.01,19.49
710177,1.02,19.51
710702,1.01,19.49
711225,1.03,19.48
711748,1.00,19.49
712271,0.97,19.50
712795,0.95,19.48
713319,1.07,19.48
713842,1.02,19.49
714371,1.02,19.49
714895,1.03,19.50
715419,1.00,19.49
715942,1.01,19.49
716466,1.02,19.50
716993,1.01,19.49
717516,1.02,19.49
718040,1.03,19.50
718563,0.99,19.48
719087,1.00,19.49
719610,1.02,19.49
720134,1.01,19.49
720657,1.02,19.49
721181,0.98,19.48
721704,1.02,19.50
722228,1.00,19.48
722751,0.98,19.49
723275,1.01,19.48
723799,1.00,19.49
724322,1.01,19.51
724845,1.02,19.49
725369,0.99,19.48
725893,1.01,19.48
726416,1.04,19.49
726939,1.05,19.49
727463,1.07,19.49
727987,1.04,19.49
728514,1.00,19.47
729038,1.10,19.50
729562,0.97,19.47
730085,1.01,19.47
730608,1.06,19.51
731134,1.10,19.50
731658,1.05,19.48
732181,1.06,19.48
732704,1.02,19.47
733228,0.99,19.47
733752,1.04,19.48
734275,1.02,19.48
734798,0.96,19.49
735322,1.03,19.47
735845,1.03,19.49
736368,1.00,19.48
736891,0.99,19.48
737415,1.00,19.48
737938,1.02,19.47
738461,1.00,19.48
738984,0.98,19.47
739508,1.00,19.47
740032,0.97,19.49
740555,1.08,19.50
741079,1.12,19.47
741602,1.01,19.45
742125,1.00,19.47
742648,0.98,19.50
743177,1.07,19.51
743700,1.03,19.46
744223,1.02,19.47
744747,0.99,19.49
745274,0.99,19.46
745797,0.99,19.46
746320,0.96,19.47
746844,1.01,19.46
747367,0.96,19.49
747891,0.94,19.46
748414,0.98,19.46
748938,0.97,19.46
749461,0.99,19.46
749984,0.96,19.47
750508,0.99,19.46
751031,1.09,19.46
751554,1.09,19.47
752078,1.03,19.46
752602,1.05,19.46
753125,1.02,19.48
753648,1.05,19.49
754171,1.04,19.48
754695,1.01,19.47
755218,1.02,19.47
755741,0.98,19.46
756265,1.00,19.47
756789,0.95,19.47
757312,1.02,19.46
757838,0.99,19.47
758363,1.03,19.47
758886,1.01,19.47
759412,0.99,19.47
759936,0.96,19.47
760459,1.00,19.48
760983,1.06,19.46
761506,0.97,19.47
762030,1.01,19.47
762553,1.03,19.46
763077,1.01,19.46
763600,1.02,19.46
764124,1.00,19.46
764647,1.00,19.46
765171,0.94,19.47
765694,0.96,19.46
766218,0.97,19.46
766742,0.94,19.46
767265,0.99,19.46
767789,1.06,19.46
768312,1.05,19.47
768836,1.04,19.46
769359,1.01,19.46
769883,1.04,19.46
770407,1.01,19.46
770930,1.00,19.46
771453,0.99,19.45
771982,1.00,19.46
772506,1.01,19.46
773029,1.00,19.48
773556,0.98,19.45
774079,1.00,19.44
774602,0.96,19.45
775127,0.98,19.45
775650,0.98,19.46
776173,0.99,19.46
776696,1.00,19.46
777220,0.93,19.46
777744,1.05,19.46
778267,0.94,19.45
778790,0.95,19.47
779314,0.99,19.45
779838,0.91,19.46
780361,1.04,19.44
780884,0.97,19.44
781408,1.02,19.46
781931,1.01,19.47
782454,1.03,19.47
782979,1.01,19.45
783502,0.97,19.45
784025,0.97,19.45
784548,1.03,19.44
785073,1.00,19.46
785596,1.01,19.45
786119,0.95,19.48
786648,1.02,19.46
787173,1.09,19.45
787698,1.02,19.47
788222,1.04,19.46
788745,1.04,19.46
789269,1.03,19.46
789792,1.05,19.46
790316,1.03,19.47
790839,1.05,19.45
791363,1.03,19.46
791886,1.01,19.46
792410,1.04,19.46
792933,1.01,19.47
793456,1.05,19.46
793980,1.01,19.46
794504,1.02,19.46
795027,1.05,19.46
795550,1.03,19.46
796073,1.04,19.46
796598,0.99,19.46
797121,1.01,19.44
797644,1.01,19.45
798168,0.99,19.44
798691,1.01,19.43
799214,0.96,19.44
799738,1.02,19.44
800262,1.01,19.45
800789,1.01,19.45
801312,1.05,19.45
801840,1.01,19.46
802363,1.00,19.45
802886,1.01,19.45
803410,1.01,19.44
803934,0.97,19.44
804457,0.96,19.44
804981,0.99,19.44
805505,1.02,19.44
806028,1.02,19.46
806551,1.01,19.45
807074,1.00,19.45
807599,0.99,19.43
808122,0.99,19.44
808646,1.01,19.44
809169,1.02,19.45
809694,1.00,19.45
810218,0.99,19.44
810741,1.00,19.44
811265,1.01,19.44
811788,1.01,19.45
812311,1.01,19.44
812834,0.98,19.43
813358,1.01,19.44
813881,1.03,19.45
814404,1.01,19.45
814928,0.99,19.44
815455,0.98,19.43
815982,0.98,19.45
816505,1.01,19.44
817029,1.00,19.45
817552,1.01,19.44
818076,1.00,19.45
818599,0.96,19.44
819123,1.01,19.43
819646,1.00,19.44
820169,1.01,19.44
820692,1.01,19.44
821216,0.99,19.44
821739,0.97,19.44
822263,1.03,19.45
822787,1.00,19.43
823310,0.96,19.43
823833,1.06,19.45
824356,0.98,19.43
824880,1.00,19.46
825403,1.01,19.43
825926,1.02,19.43
826450,1.03,19.44
826974,0.95,19.42
827497,1.04,19.45
828020,0.97,19.42
828544,1.05,19.45
829067,0.95,19.43
829594,1.00,19.44
830121,1.01,19.44
830645,1.00,19.43
831168,1.04,19.44
831691,0.97,19.42
832215,1.03,19.44
832738,0.99,19.44
833261,1.00,19.42
833784,1.06,19.45
834309,0.95,19.42
834832,1.04,19.45
835355,0.97,19.43
835878,1.01,19.43
836403,1.02,19.42
836926,1.00,19.44
837449,1.00,19.43
837972,1.02,19.44
838497,1.03,19.44
839020,0.97,19.41
839543,1.00,19.44
840068,1.01,19.43
840591,1.01,19.44
841114,1.02,19.43
841638,0.97,19.42
842162,1.05,19.44
842685,0.98,19.42
843208,1.03,19.45
843732,0.94,19.42
844263,1.07,19.44
844786,0.96,19.42
845309,1.03,19.43
845834,0.98,19.42
846357,1.01,19.43
846880,1.01,19.42
847404,0.99,19.43
847927,1.01,19.43
848450,0.97,19.41
848974,1.02,19.45
849498,0.97,19.43
850021,1.01,19.44
850544,1.01,19.42
851067,0.99,19.43
851591,0.99,19.42
852114,1.00,19.40
852638,1.00,19.43
853161,1.01,19.45
853685,1.01,19.42
854208,0.97,19.42
854731,1.01,19.40
855256,0.98,19.43
855779,1.05,19.42
856302,0.96,19.42
856825,1.05,19.42
857349,1.01,19.42
857872,0.97,19.43
858401,1.06,19.43
858925,0.99,19.40
859448,1.06,19.43
859972,1.01,19.42
860495,1.03,19.43
861019,0.95,19.42
861542,0.98,19.40
862065,0.97,19.45
862588,1.02,19.40
863113,0.90,19.45
863636,0.97,19.45
864159,1.02,19.41
864683,0.97,19.45
865206,0.96,19.40
865729,1.02,19.43
866252,1.00,19.42
866777,1.05,19.41
867300,1.02,19.43
867823,1.01,19.40
868346,1.02,19.41
868870,1.00,19.42
869393,0.92,19.44
869917,0.99,19.40
870440,1.07,19.42
870964,1.02,19.41
871487,1.02,19.41
872010,1.00,19.42
872537,1.05,19.42
873066,0.94,19.40
873590,1.05,19.43
874114,0.89,19.45
874637,0.91,19.41
875160,1.03,19.42
875684,1.05,19.45
876208,1.08,19.37
876731,1.00,19.45
877254,0.98,19.43
877778,0.89,19.40
878302,1.01,19.40
878825,1.01,19.42
879348,1.02,19.43
879873,1.08,19.42
880396,0.99,19.42
880919,0.97,19.41
881442,1.04,19.39
881967,1.04,19.41
882490,0.99,19.39
883013,0.99,19.41
883536,0.97,19.40
884061,1.03,19.41
884584,1.00,19.41
885107,1.01,19.40
885630,1.06,19.42
886155,0.98,19.41
886681,1.02,19.40
887208,0.98,19.40
887733,0.99,19.41
888256,1.07,19.39
888780,0.98,19.42
889305,1.03,19.41
889829,0.92,19.39
890352,0.95,19.40
890875,1.07,19.41
891399,0.96,19.40
891922,1.03,19.40
892445,1.04,19.39
892968,1.00,19.41
893492,0.97,19.39
894016,0.97,19.41
894539,0.99,19.40
895063,1.05,19.41
895586,0.99,19.41
896109,0.99,19.39
896632,1.00,19.42
897156,1.01,19.40
897679,1.12,19.39
898202,1.02,19.39
898725,1.05,19.40
899249,0.97,19.41
899772,1.08,19.41
900295,0.99,19.39
900816,1.05,19.41
901340,0.97,19.39
901867,1.01,19.42
902391,1.10,19.41
902915,1.00,19.40
903438,1.04,19.38
903961,1.04,19.40
904485,1.01,19.40
905009,0.86,19.41
905532,1.03,19.40
906055,1.05,19.39
906579,1.01,19.38
907103,1.06,19.38
907626,0.98,19.41
908149,0.98,19.39
908674,1.00,19.42
909197,0.97,19.40
909720,1.05,19.41
910243,1.03,19.41
910767,1.08,19.41
911291,1.03,19.41
911814,1.01,19.41
912337,1.05,19.40
912861,0.95,19.39
913385,0.96,19.38
913908,1.00,19.39
914435,1.04,19.41
914958,1.06,19.39
915481,1.00,19.38
916004,0.97,19.40
916534,1.05,19.40
917059,0.94,19.39
917584,1.02,19.39
918109,1.00,19.40
918632,0.95,19.39
919156,1.05,19.38
919680,1.01,19.40
920203,1.00,19.38
920726,1.03,19.40
921249,1.02,19.38
921773,1.06,19.40
922296,1.01,19.39
922819,0.99,19.38
923342,1.01,19.39
923866,1.00,19.39
924389,1.02,19.39
924912,1.02,19.41
925435,1.02,19.40
925959,0.94,19.40
926482,1.04,19.40
927005,0.98,19.39
927528,1.01,19.38
928052,1.03,19.39
928578,0.94,19.38
929102,1.03,19.39
929626,1.05,19.40
930149,0.96,19.38
930677,1.04,19.39
931201,1.01,19.39
931725,0.98,19.38
932248,1.00,19.40
932771,0.96,19.38
933296,1.06,19.40
933819,0.96,19.39
934342,1.01,19.37
934866,1.05,19.41
935390,1.09,19.36
935913,1.02,19.38
936436,0.98,19.39
936961,1.02,19.41
937484,1.02,19.38
938007,0.99,19.38
938530,0.98,19.39
939055,1.03,19.39
939578,0.88,19.39
940101,1.02,19.37
940624,1.05,19.40
941149,0.98,19.37
941672,1.00,19.38
942195,1.02,19.39
942723,1.00,19.37
943246,1.01,19.40
943769,0.98,19.39
944293,1.05,19.39
944819,0.96,19.38
945347,1.05,19.39
945871,1.01,19.39
946395,1.01,19.37
946918,1.03,19.40
947441,0.94,19.39
947964,1.00,19.38
948489,1.04,19.38
949012,0.97,19.38
949535,1.02,19.38
950059,0.96,19.38
950582,1.00,19.38
951105,1.02,19.38
951629,1.01,19.38
952153,0.98,19.37
952677,1.00,19.37
953200,1.03,19.39
953723,0.98,19.37
954247,0.99,19.37
954770,1.03,19.38
955294,0.99,19.38
955817,0.97,19.38
956341,0.95,19.38
956867,0.91,19.38
957390,1.01,19.37
957914,0.96,19.37
958438,0.98,19.38
958961,1.05,19.37
959489,1.00,19.37
960012,1.01,19.38
960535,1.04,19.38
961058,0.99,19.37
961582,1.01,19.37
962105,1.04,19.37
962628,0.92,19.40
963151,0.99,19.36
963676,0.98,19.39
964199,1.04,19.38
964722,1.01,19.37
965245,0.99,19.37
965769,1.00,19.36
966292,0.99,19.38
966815,1.01,19.37
967339,1.01,19.38
967862,1.03,19.38
968386,1.03,19.36
968909,0.99,19.37
969433,1.01,19.36
969956,0.98,19.36
970479,0.99,19.37
971006,1.01,19.36
971530,1.00,19.35
972053,0.99,19.36
972576,1.02,19.38
973100,0.98,19.36
973623,0.98,19.39
974149,0.98,19.35
974673,1.03,19.36
975197,1.03,19.35
975720,0.98,19.35
976243,1.00,19.37
976766,1.01,19.38
977290,1.01,19.36
977813,1.02,19.37
978337,1.01,19.36
978861,0.99,19.35
979384,1.02,19.38
979907,0.97,19.36
980430,0.96,19.36
980954,1.01,19.37
981477,1.00,19.36
982000,0.99,19.36
982524,0.99,19.36
983048,1.04,19.37
983571,0.96,19.35
984094,1.04,19.35
984617,0.96,19.38
985144,1.00,19.35
985667,1.02,19.38
986190,1.01,19.36
986715,1.02,19.35
987238,1.02,19.37
987761,1.01,19.36
988284,0.98,19.35
988813,1.00,19.36
989337,1.01,19.36
989861,0.98,19.35
990385,0.99,19.36
990908,1.00,19.35
991432,0.96,19.35
991955,1.01,19.36
992479,1.00,19.35
993002,1.01,19.35
993526,1.04,19.36
994050,0.99,19.35
994573,1.04,19.35
995097,0.99,19.36
995620,0.99,19.35
996144,1.00,19.36
996667,1.00,19.37
997191,1.01,19.35
997714,1.00,19.36
998238,1.04,19.36
998761,0.94,19.36
999287,1.00,19.36
999811,0.99,19.35
1000335,1.00,19.36
1000858,1.03,19.36
1001381,0.99,19.34
1001905,0.98,19.36
1002429,1.01,19.35
1002956,0.97,19.36
1003480,1.04,19.35
1004003,1.00,19.35
1004526,1.00,19.35
1005050,1.02,19.35
1005574,0.98,19.34
1006097,1.04,19.35
1006620,1.01,19.35
1007144,1.00,19.36
1007668,1.00,19.34
1008191,0.99,19.34
1008714,1.04,19.36
1009238,1.00,19.33
1009762,1.02,19.36
1010285,1.00,19.34
1010808,1.06,19.31
1011332,1.01,19.35
1011855,1.03,19.34
1012378,1.00,19.35
1012907,1.04,19.35
1013432,0.99,19.34
1013955,1.01,19.36
1014478,1.01,19.36
1015002,0.94,19.37
1015525,1.03,19.35
1016049,0.98,19.33
1016572,0.99,19.36
1017096,1.03,19.36
1017624,1.05,19.36
1018148,1.03,19.34
1018672,0.99,19.33
1019195,1.02,19.35
1019718,1.00,19.34
1020241,0.95,19.34
1020766,1.01,19.37
1021289,1.04,19.34
1021812,0.98,19.33
1022336,1.01,19.34
1022859,1.04,19.35
1023382,1.00,19.34
1023905,1.03,19.36
1024429,0.97,19.34
1024952,1.01,19.34
1025475,0.97,19.34
1026001,0.98,19.33
1026527,0.98,19.33
1027050,0.94,19.34
1027574,0.97,19.34
1028098,1.01,19.32
1028622,0.96,19.33
1029145,0.99,19.32
1029668,0.96,19.33
1030193,0.95,19.32
1030716,0.91,19.33
1031239,0.99,19.34
1031767,1.05,19.35
1032292,1.00,19.34
1032815,0.96,19.33
1033338,0.95,19.32
1033863,1.05,19.33
1034386,1.05,19.34
1034909,1.00,19.34
1035433,1.00,19.34
1035957,1.03,19.34
1036480,1.00,19.33
1037004,1.03,19.34
1037528,1.06,19.35
1038051,1.05,19.36
1038574,1.03,19.33
1039098,1.00,19.33
1039625,1.06,19.35
1040148,1.01,19.34
1040671,0.94,19.32
1041195,1.02,19.33
1041719,0.99,19.33
1042242,0.98,19.33
1042765,1.02,19.32
1043289,1.02,19.30
1043812,0.98,19.33
1044336,1.02,19.32
1044859,1.01,19.33
1045383,1.00,19.34
1045906,1.01,19.33
1046435,0.95,19.32
1046960,0.98,19.34
1047484,0.99,19.34
1048007,0.98,19.33
1048530,1.04,19.33
1049055,0.96,19.33
1049578,1.01,19.33
1050101,1.01,19.32
1050625,1.03,19.33
1051148,1.00,19.33
1051672,1.02,19.33
1052195,0.99,19.32
1052719,1.02,19.34
1053246,1.01,19.33
1053769,1.01,19.33
1054292,0.90,19.34
1054816,1.01,19.32
1055340,1.02,19.33
1055863,1.00,19.32
1056387,1.00,19.32
1056910,0.96,19.35
1057434,1.03,19.32
1057957,1.01,19.32
1058481,0.99,19.33
1059005,0.97,19.36
1059528,0.99,19.34
1060051,0.96,19.33
1060579,1.00,19.32
1061104,1.00,19.33
1061627,1.01,19.32
1062151,1.02,19.34
1062674,0.98,19.31
1063197,1.04,19.34
1063721,0.98,19.32
1064245,1.03,19.31
1064768,0.99,19.33
1065292,1.04,19.33
1065816,1.01,19.32
1066342,0.95,19.33
1066865,0.95,19.33
1067388,1.03,19.33
1067912,1.02,19.32
1068435,0.97,19.31
1068959,0.99,19.32
1069483,1.04,19.33
1070006,1.00,19.32
1070529,1.00,19.32
1071052,1.02,19.32
1071576,0.98,19.31
1072100,1.00,19.32
1072623,1.04,19.33
1073146,0.96,19.31
1073670,1.03,19.32
1074193,0.97,19.32
1074717,1.02,19.33
1075259,0.97,19.32
1075783,0.98,19.31
1076306,0.97,19.33
1076831,1.00,19.32
1077354,0.97,19.33
1077877,1.02,19.32
1078401,0.97,19.32
1078924,1.02,19.32
1079447,1.05,19.32
1079973,0.96,19.32
1080497,1.00,19.32
1081020,0.98,19.33
1081543,1.00,19.31
1082066,1.03,19.32
1082590,0.99,19.30
1083114,1.05,19.32
1083637,0.96,19.31
1084161,1.04,19.33
1084684,0.99,19.31
1085207,1.00,19.32
1085730,1.03,19.31
1086254,0.99,19.32
1086777,1.04,19.33
1087301,1.00,19.31
1087824,0.98,19.32
1088348,1.08,19.31
1088871,1.01,19.32
1089394,0.97,19.31
1089922,1.02,19.31
1090446,1.01,19.33
1090969,0.99,19.30
1091492,1.03,19.31
1092016,0.92,19.33
1092539,0.99,19.30
1093065,1.02,19.32
1093588,1.02,19.31
1094113,0.99,19.30
1094636,0.98,19.34
1095159,1.01,19.30
1095683,1.01,19.32
1096207,1.03,19.31
1096730,0.98,19.30
1097253,0.99,19.31
1097777,1.02,19.31
1098301,0.96,19.31
1098824,1.00,19.31
1099347,1.03,19.32
1099871,0.98,19.32
1100395,0.97,19.30
1100918,0.98,19.31
1101442,1.02,19.31
1101966,1.02,19.32
1102489,0.98,19.32
1103012,0.99,19.30
1103536,1.01,19.30
1104063,1.04,19.32
1104587,1.02,19.30
1105111,0.98,19.30
1105635,1.04,19.31
1106158,0.96,19.33
1106684,0.95,19.31
1107208,1.01,19.29
1107731,1.01,19.31
1108255,1.00,19.31
1108780,1.01,19.31
1109303,1.02,19.32
1109826,0.99,19.29
1110350,1.01,19.31
1110874,1.04,19.31
1111397,1.00,19.30
1111920,0.99,19.31
1112444,1.03,19.30
1112968,0.97,19.31
1113491,1.02,19.32
1114015,1.05,19.31
1114539,0.94,19.32
1115062,1.02,19.30
1115586,0.97,19.30
1116109,1.00,19.31
1116633,1.09,19.27
1117157,1.01,19.31
1117680,0.97,19.29
1118208,1.01,19.31
1118732,0.98,19.31
1119255,1.01,19.30
1119778,1.01,19.31
1120305,1.01,19.30
1120829,1.01,19.31
1121353,0.94,19.30
1121878,1.04,19.30
1122401,1.00,19.30
1122925,1.00,19.30
1123448,1.05,19.30
1123972,0.98,19.31
1124495,1.02,19.29
1125019,0.97,19.29
1125542,0.94,19.29
1126066,1.01,19.29
1126590,0.97,19.30
1127113,1.00,19.30
1127636,1.03,19.31
1128160,0.95,19.30
1128684,1.00,19.28
1129207,0.94,19.30
1129731,0.98,19.28
1130254,0.98,19.28
1130778,0.93,19.30
1131301,0.96,19.29
1131825,0.98,19.29
1132352,0.99,19.29
1132876,1.09,19.27
1133403,0.97,19.31
1133926,1.04,19.29
1134450,1.04,19.31
1134973,1.05,19.32
1135498,1.05,19.30
1136021,1.03,19.29
1136544,0.96,19.29
1137069,0.97,19.28
1137592,0.98,19.29
1138115,1.01,19.29
1138639,1.01,19.31
1139163,1.00,19.29
1139686,0.99,19.29
1140210,0.97,19.30
1140733,1.02,19.29
1141257,1.01,19.29
1141781,0.98,19.30
1142304,1.02,19.29
1142828,0.98,19.29
1143352,1.01,19.29
1143875,1.03,19.28
1144398,1.02,19.32
1144922,1.04,19.31
1145446,1.09,19.29
1145969,1.03,19.30
1146497,1.03,19.31
1147024,0.98,19.30
1147547,1.00,19.30
1148070,1.05,19.28
1148594,0.97,19.28
1149117,1.00,19.28
1149640,0.98,19.30
1150163,0.99,19.30
1150687,1.07,19.30
1151211,1.02,19.31
1151734,1.02,19.28
1152258,0.99,19.28
1152781,0.97,19.28
1153304,0.99,19.27
1153827,1.03,19.29
1154351,1.03,19.29
1154874,1.04,19.33
1155397,1.04,19.30
1155921,1.03,19.29
1156445,1.01,19.28
1156968,0.97,19.29
1157491,0.99,19.28
1158014,0.97,19.29
1158538,1.02,19.28
1159061,1.00,19.29
1159584,1.01,19.29
1160114,1.04,19.29
1160638,0.98,19.30
1161161,1.05,19.29
1161684,1.03,19.29
1162208,0.99,19.31
1162732,1.06,19.28
1163255,1.01,19.30
1163780,1.05,19.29
1164303,1.05,19.27
1164826,0.98,19.30
1165350,0.98,19.29
1165875,0.97,19.28
1166398,0.97,19.29
1166921,1.01,19.27
1167444,0.99,19.29
1167969,1.04,19.29
1168492,1.03,19.30
1169015,1.05,19.30
1169540,1.02,19.30
1170063,1.07,19.28
1170586,1.05,19.28
1171110,1.04,19.27
1171634,1.00,19.28
1172157,0.98,19.29
1172681,0.99,19.27
1173204,0.93,19.28
1173731,0.97,19.28
1174257,0.96,19.29
1174781,1.00,19.28
1175305,1.06,19.27
1175829,0.95,19.28
1176352,1.02,19.27
1176876,1.03,19.28
1177399,1.01,19.30
1177922,1.02,19.28
1178445,0.96,19.28
1178970,0.97,19.28
1179493,1.00,19.28
1180016,0.99,19.28
1180539,1.01,19.28
1181063,1.03,19.28
1181587,1.00,19.27
1182110,0.98,19.27
1182633,1.00,19.27
1183157,1.02,19.28
1183680,1.04,19.29
1184204,1.03,19.29
1184728,1.03,19.27
1185251,1.02,19.28
1185774,1.02,19.29
1186298,1.03,19.26
1186822,1.00,19.28
1187347,0.99,19.28
1187870,1.06,19.24
1188395,1.02,19.27
1188921,1.00,19.27
1189446,1.02,19.28
1189969,0.91,19.25
1190492,0.99,19.28
1191015,0.96,19.27
1191538,0.99,19.26
1192061,0.99,19.27
1192585,1.00,19.28
1193108,1.03,19.29
1193631,0.99,19.30
1194155,1.01,19.27
1194678,1.01,19.26
1195201,0.93,19.28
1195724,0.97,19.27
1196248,0.96,19.26
1196771,0.99,19.27
1197294,0.99,19.25
1197817,0.98,19.27
1198341,1.01,19.28
1198864,1.03,19.29
1199387,1.03,19.28
1199910,1.02,19.27
1200437,1.01,19.27
1200960,0.99,19.27
1201484,0.98,19.26
1202008,0.98,19.26
1202532,0.99,19.25
1203059,1.00,19.27
1203584,1.00,19.27
1204107,1.04,19.28
1204630,1.01,19.29
1205154,1.00,19.27
1205678,0.99,19.27
1206201,0.96,19.26
1206724,1.01,19.26
1207247,0.98,19.27
1207772,1.03,19.28
1208295,1.01,19.28
1208818,0.99,19.27
1209341,0.96,19.26
1209866,0.96,19.27
1210389,0.94,19.25
1210913,1.02,19.27
1211437,0.99,19.27
1211960,0.99,19.26
1212483,0.98,19.26
1213007,0.95,19.26
1213531,1.00,19.26
1214057,0.90,19.27
1214580,0.96,19.26
1215105,0.99,19.25
1215628,0.96,19.26
1216152,0.98,19.25
1216675,0.96,19.26
1217203,0.99,19.25
1217727,0.99,19.26
1218252,0.96,19.26
1218777,0.98,19.27
1219300,1.01,19.26
1219823,1.00,19.30
1220346,1.03,19.26
1220870,0.98,19.28
1221394,1.00,19.29
1221917,1.04,19.28
1222440,0.99,19.29
1222964,1.02,19.27
1223487,1.00,19.27
1224010,1.00,19.27
1224534,1.01,19.27
1225057,1.04,19.26
1225581,1.02,19.26
1226104,0.95,19.25
1226628,1.00,19.27
1227154,1.02,19.27
1227677,1.02,19.26
1228200,0.99,19.27
1228725,1.02,19.26
1229249,0.99,19.27
1229772,1.00,19.26
1230296,1.00,19.26
1230819,0.94,19.27
1231346,1.00,19.25
1231872,1.00,19.26
1232395,1.00,19.27
1232918,1.04,19.27
1233441,1.01,19.28
1233965,1.02,19.26
1234488,1.02,19.26
1235011,0.98,19.26
1235534,0.98,19.25
1236058,0.97,19.26
1236581,1.02,19.26
1237104,1.03,19.26
1237628,0.97,19.27
1238152,0.99,19.26
1238675,0.98,19.25
1239198,1.01,19.28
1239721,1.04,19.26
1240245,1.00,19.27
1240771,1.00,19.26
1241294,1.01,19.26
1241819,0.97,19.26
1242342,0.98,19.24
1242866,0.97,19.25
1243389,0.99,19.26
1243913,1.00,19.26
1244437,1.00,19.27
1244960,0.97,19.26
1245488,0.96,19.25
1246012,0.96,19.24
1246535,1.01,19.25
1247058,1.00,19.26
1247582,1.01,19.27
1248106,1.03,19.28
1248629,1.02,19.26
1249153,0.96,19.25
1249676,0.99,19.26
1250199,1.04,19.27
1250723,1.00,19.25
1251247,0.99,19.25
1251770,0.97,19.25
1252294,1.01,19.25
1252817,0.99,19.27
1253341,1.04,19.25
1253865,0.96,19.24
1254391,1.00,19.25
1254915,1.02,19.26
1255438,1.00,19.27
1255962,1.04,19.27
1256485,1.06,19.26
1257009,1.03,19.26
1257532,0.99,19.25
1258056,1.00,19.25
1258579,0.98,19.24
1259103,1.01,19.25
1259631,0.99,19.27
1260155,1.03,19.25
1260680,1.01,19.25
1261205,0.98,19.24
1261728,0.99,19.23
1262252,0.98,19.24
1262775,0.93,19.24
1263298,1.01,19.26
1263821,1.01,19.26
1264345,1.02,19.25
1264868,1.00,19.24
1265392,0.99,19.25
1265915,1.05,19.24
1266439,1.06,19.25
1266962,1.01,19.25
1267488,1.00,19.25
1268012,0.94,19.24
1268536,0.99,19.27
1269059,1.06,19.23
1269583,0.92,19.24
1270107,1.02,19.25
1270630,0.98,19.26
1271154,1.04,19.26
1271677,1.02,19.26
1272201,0.95,19.24
1272725,1.03,19.24
1273248,1.06,19.26
1273775,1.03,19.27
1274299,0.97,19.24
1274822,1.00,19.25
1275345,1.03,19.28
1275870,0.98,19.26
1276393,0.95,19.30
1276916,1.04,19.24
1277440,0.96,19.23
1277964,1.00,19.24
1278487,1.03,19.24
1279010,1.00,19.25
1279535,1.03,19.25
1280058,1.04,19.25
1280581,0.98,19.25
1281108,1.01,19.24
1281632,1.06,19.25
1282155,1.01,19.25
1282678,0.98,19.23
1283202,0.97,19.26
1283726,1.03,19.26
1284249,0.97,19.24
1284772,0.98,19.25
1285296,1.05,19.26
1285819,0.98,19.24
1286343,0.96,19.24
1286866,0.99,19.25
1287390,1.03,19.26
1287916,1.05,19.23
1288439,1.00,19.24
1288963,0.97,19.24
1289486,1.05,19.26
1290009,0.99,19.25
1290532,0.90,19.24
1291056,1.03,19.24
1291579,1.02,19.25
1292103,1.00,19.24
1292626,1.01,19.25
1293151,1.00,19.25
1293674,1.07,19.25
1294200,0.99,19.24
1294724,0.95,19.24
1295248,1.03,19.24
1295771,0.95,19.26
1296294,1.05,19.25
1296818,0.99,19.24
1297342,0.98,19.25
1297865,1.06,19.25
1298388,0.99,19.24
1298912,0.94,19.24
1299435,1.04,19.24
1299959,1.04,19.25
1300483,1.04,19.24
1301006,1.02,19.24
1301529,0.97,19.24
1302055,0.99,19.23
1302580,0.99,19.24
1303103,1.00,19.24
1303626,1.05,19.25
1304150,1.02,19.26
1304673,1.02,19.23
1305196,1.01,19.24
1305720,0.99,19.25
1306244,1.04,19.24
1306767,1.04,19.25
1307290,1.02,19.25
1307816,1.06,19.24
1308340,0.98,19.25
1308864,1.02,19.23
1309388,1.01,19.24
1309912,1.00,19.24
1310435,0.96,19.25
1310958,0.96,19.23
1311482,0.99,19.24
1312006,1.05,19.24
1312529,1.01,19.27
1313053,1.02,19.23
1313576,0.99,19.23
1314100,0.96,19.23
1314624,1.10,19.25
1315147,1.02,19.26
1315671,1.01,19.24
1316197,0.97,19.24
1316721,1.03,19.25
1317245,1.02,19.23
1317769,0.99,19.25
1318292,1.04,19.25
1318815,1.05,19.24
1319339,1.00,19.25
1319862,0.98,19.22
1320385,1.01,19.24
1320908,0.98,19.24
1321435,1.02,19.23
1321959,1.00,19.24
1322482,1.01,19.26
1323005,1.04,19.23
1323530,0.97,19.22
1324054,0.98,19.23
1324577,1.01,19.24
1325101,1.03,19.25
1325624,1.02,19.23
1326148,0.97,19.23
1326671,0.97,19.23
1327195,1.03,19.23
1327719,1.03,19.25
1328242,1.05,19.23
1328765,1.02,19.24
1329290,0.93,19.24
1329813,1.01,19.23
1330339,1.04,19.24
1330864,0.99,19.25
1331387,1.01,19.22
1331910,0.98,19.23
1332434,0.99,19.24
1332958,1.05,19.24
1333481,1.01,19.23
1334004,1.00,19.23
1334531,0.97,19.23
1335055,1.00,19.23
1335579,1.07,19.24
1336103,1.00,19.24
1336627,1.01,19.23
1337150,0.99,19.22
1337674,0.96,19.22
1338198,0.99,19.22
1338721,0.93,19.24
1339244,1.00,19.24
1339768,1.05,19.24
1340292,1.03,19.25
1340815,1.03,19.23
1341339,0.98,19.24
1341862,0.99,19.22
1342386,1.00,19.21
1342909,1.00,19.24
1343433,1.04,19.24
1343956,0.99,19.23
1344483,0.87,19.24
1345007,1.01,19.24
1345530,1.04,19.25
1346055,0.98,19.23
1346578,1.01,19.21
1347101,1.00,19.23
1347625,0.99,19.23
1348152,0.99,19.23
1348675,0.99,19.24
1349198,1.03,19.24
1349722,1.02,19.24
1350245,1.00,19.23
1350769,1.03,19.22
1351292,0.96,19.23
1351816,0.95,19.22
1352339,0.98,19.23
1352863,0.99,19.23
1353387,1.03,19.24
1353910,1.04,19.24
1354433,1.01,19.23
1354957,1.00,19.22
1355481,0.94,19.23
1356004,0.99,19.23
1356527,1.01,19.23
1357050,1.00,19.24
1357575,1.05,19.23
1358098,0.99,19.23
1358624,0.98,19.21
1359149,0.97,19.23
1359672,0.99,19.23
1360195,1.02,19.23
1360718,1.02,19.23
1361245,1.00,19.23
1361769,1.01,19.22
1362292,0.99,19.22
1362816,0.97,19.22
1363340,0.97,19.21
1363863,0.95,19.23
1364387,1.03,19.22
1364911,1.04,19.23
1365434,1.02,19.23
1365958,1.02,19.22
1366481,0.98,19.24
1367005,0.95,19.22
1367529,1.01,19.23
1368052,0.98,19.24
1368576,1.04,19.23
1369100,0.98,19.21
1369623,0.95,19.24
1370146,1.06,19.23
1370671,1.00,19.22
1371194,0.98,19.21
1371717,0.98,19.22
1372241,0.99,19.23
1372768,1.05,19.23
1373292,0.98,19.21
1373816,1.02,19.23
1374342,1.06,19.23
1374868,1.00,19.22
1375391,0.95,19.21
1375915,1.01,19.22
1376439,1.02,19.25
1376962,1.03,19.22
1377486,0.97,19.23
1378010,0.94,19.21
1378533,1.01,19.23
1379057,1.01,19.23
1379581,1.02,19.23
1380106,1.01,19.23
1380629,1.01,19.23
1381152,1.04,19.23
1381676,1.00,19.26
1382199,1.00,19.22
1382722,0.97,19.21
1383245,0.98,19.22
1383770,1.02,19.22
1384293,1.03,19.22
1384816,0.98,19.25
1385339,1.02,19.21
1385863,0.96,19.22
1386386,0.99,19.22
1386912,1.07,19.23
1387438,1.00,19.22
1387964,0.98,19.21
1388490,1.03,19.22
1389014,1.01,19.23
1389538,1.06,19.23
1390061,0.99,19.22
1390584,0.96,19.21
1391108,1.00,19.22
1391631,1.00,19.23
1392154,1.04,19.22
1392677,1.01,19.22
1393201,0.97,19.21
1393724,0.98,19.22
1394247,0.99,19.22
1394770,1.05,19.23
1395294,1.00,19.22
1395817,0.94,19.21
1396340,1.02,19.22
1396864,1.03,19.23
1397387,1.00,19.23
1397910,1.03,19.21
1398433,0.94,19.22
1398957,1.00,19.23
1399480,1.03,19.21
1400003,0.97,19.21
1400526,1.02,19.22
1401053,1.02,19.22
1401579,0.93,19.22
1402103,1.03,19.22
1402627,0.96,19.23
1403149,0.96,19.20
1403672,1.03,19.24
1404196,1.00,19.23
1404720,1.00,19.20
1405243,1.00,19.22
1405766,1.01,19.23
1406289,1.00,19.20
1406813,1.04,19.23
1407336,0.96,19.21
1407859,1.01,19.22
1408382,1.03,19.22
1408906,0.99,19.22
1409429,0.97,19.20
1409952,1.00,19.22
1410476,1.07,19.21
1410999,0.98,19.22
1411522,0.95,19.22
1412045,1.02,19.22
1412569,1.00,19.25
1413092,0.97,19.20
1413615,1.01,19.22
1414138,1.03,19.23
1414662,1.01,19.21
1415191,0.91,19.22
1415715,1.05,19.22
1416239,0.99,19.21
1416762,0.96,19.21
1417285,1.01,19.22
1417808,1.00,19.21
1418333,0.95,19.21
1418856,1.05,19.21
1419379,0.97,19.21
1419902,1.01,19.22
1420426,1.01,19.21
1420949,0.95,19.22
1421473,1.02,19.21
1421997,1.01,19.21
1422520,0.96,19.20
1423043,1.01,19.21
1423566,1.02,19.22
1424090,1.01,19.21
1424614,0.96,19.20
1425137,1.01,19.22
1425660,1.02,19.21
1426184,1.02,19.21
1426707,0.99,19.22
1427230,0.97,19.20
1427753,1.00,19.22
1428280,1.01,19.21
1428804,1.00,19.19
1429330,1.00,19.22
1429855,1.01,19.22
1430378,1.00,19.19
1430901,1.01,19.22
1431426,1.01,19.21
1431949,0.92,19.21
1432472,1.03,19.23
1432995,0.99,19.21
1433520,0.95,19.22
1434043,1.02,19.22
1434566,1.00,19.21
1435090,0.95,19.21
1435614,1.05,19.21
1436137,0.99,19.19
1436660,0.99,19.22
1437185,1.04,19.21
1437708,0.95,19.20
1438231,1.05,19.22
1438754,0.97,19.20
1439279,1.03,19.22
1439802,0.97,19.19
1440325,1.03,19.21
1440849,1.00,19.21
1441373,0.99,19.21
1441899,1.02,19.22
1442422,1.00,19.21
1442947,1.00,19.20
1443473,0.98,19.23
1443997,0.99,19.20
1444520,1.01,19.21
1445044,0.99,19.21
1445567,1.02,19.22
1446091,1.01,19.20
1446616,0.99,19.21
1447140,1.07,19.20
1447664,0.94,19.20
1448187,1.02,19.21
1448711,0.99,19.21
1449234,0.99,19.21
1449757,1.04,19.20
1450281,0.98,19.21
1450804,1.04,19.22
1451328,0.98,19.18
1451851,1.01,19.22
1452375,0.98,19.19
1452898,1.02,19.19
1453421,1.02,19.21
1453944,0.98,19.18
1454468,1.04,19.22
1454991,0.97,19.20
1455517,1.01,19.20
1456040,0.98,19.20
1456564,0.99,19.19
1457088,1.05,19.21
1457613,0.95,19.20
1458139,1.05,19.21
1458662,1.00,19.20
1459185,1.02,19.20
1459708,1.01,19.21
1460232,0.96,19.19
1460755,1.01,19.20
1461278,1.04,19.20
1461801,0.96,19.21
1462325,0.99,19.20
1462848,1.02,19.20
1463371,1.00,19.21
1463896,0.98,19.21
1464419,0.99,19.20
1464942,1.00,19.20
1465465,1.03,19.19
1465989,1.00,19.20
1466512,1.02,19.20
1467035,0.97,19.21
1467558,0.96,19.19
1468082,1.01,19.20
1468608,1.08,19.20
1469132,0.98,19.20
1469656,1.02,19.20
1470179,0.98,19.18
1470703,1.01,19.20
1471226,1.00,19.19
1471753,1.07,19.19
1472278,1.00,19.20
1472801,1.00,19.20
1473325,1.02,19.21
1473848,0.97,19.18
1474371,1.05,19.22
1474894,0.94,19.19
1475418,1.04,19.20
1475941,0.99,19.19
1476464,1.04,19.21
1476988,0.98,19.18
1477512,0.98,19.20
1478035,1.02,19.20
1478558,1.00,19.19
1479081,1.02,19.20
1479605,0.96,19.18
1480128,0.99,19.20
1480651,1.00,19.20
1481175,0.96,19.18
1481698,1.01,19.19
1482225,1.03,19.20
1482747,1.00,19.18
1483272,1.01,19.22
1483795,0.97,19.18
1484318,1.05,19.21
1484841,0.95,19.18
1485366,1.04,19.21
1485891,0.98,19.18
1486415,1.00,19.20
1486939,1.02,19.19
1487462,0.99,19.20
1487985,1.04,19.20
1488509,1.01,19.18
1489033,0.99,19.20
1489556,1.06,19.20
1490079,1.01,19.19
1490603,0.96,19.20
1491126,0.95,19.17
1491650,1.05,19.21
1492173,0.96,19.18
1492697,1.02,19.20
1493220,1.01,19.20
1493743,0.97,19.17
1494266,1.01,19.19
1494791,0.98,19.20
1495316,1.01,19.20
1495839,1.02,19.20
1496363,0.96,19.20
1496887,1.02,19.18
1497410,1.01,19.19
1497933,0.99,19.18
1498457,1.01,19.18
1498980,1.02,19.20
1499503,1.02,19.19
1500029,0.99,19.17
1500553,1.03,19.21
1501076,0.98,19.17
1501599,0.99,19.19
1502123,1.03,19.20
1502647,0.97,19.18
1503170,1.00,19.19
1503693,1.05,19.21
1504217,0.99,19.18
1504740,1.00,19.19
1505263,0.98,19.20
1505786,0.97,19.17
1506310,1.00,19.20
1506834,0.95,19.19
1507357,0.98,19.19
1507880,1.00,19.20
1508404,0.99,19.18
1508939,0.99,19.19
1509464,1.06,19.19
1509987,1.01,19.19
1510510,0.94,19.18
1511033,0.99,19.19
1511557,1.04,19.20
1512080,0.98,19.18
1512603,0.99,19.17
1513126,1.03,19.19
1513653,1.01,19.19
1514177,0.97,19.17
1514700,1.01,19.18
1515224,1.04,19.20
1515747,0.99,19.18
1516270,1.01,19.19
1516793,1.05,19.20
1517317,0.97,19.19
1517840,0.98,19.18
1518363,1.05,19.20
1518886,1.00,19.19
1519410,0.95,19.17
1519933,1.03,19.18
1520456,1.00,19.20
1520979,0.96,19.17
1521503,1.02,19.19
1522026,1.02,19.19
1522552,0.97,19.17
1523076,1.01,19.18
1523599,1.03,19.20
1524123,1.01,19.19
1524647,0.95,19.17
1525171,1.00,19.18
1525694,1.06,19.20
1526217,0.99,19.18
1526742,1.03,19.19
1527265,1.00,19.18
1527791,0.96,19.17
1528315,1.05,19.19
1528840,0.98,19.18
1529362,0.99,19.18
1529886,1.05,19.19
1530409,1.01,19.19
1530933,0.96,19.17
1531456,1.02,19.17
1531979,1.01,19.20
1532503,1.00,19.17
1533026,1.01,19.19
1533549,1.00,19.19
1534072,0.99,19.19
1534597,0.99,19.20
1535120,1.02,19.19
1535646,1.04,19.18
1536171,1.00,19.18
1536694,0.97,19.17
1537219,0.98,19.15
1537742,0.98,19.17
1538266,1.01,19.18
1538790,1.03,19.18
1539313,1.05,19.19
1539836,1.04,19.18
1540361,1.00,19.19
1540884,0.96,19.17
1541407,0.94,19.16
1541933,0.91,19.16
1542456,1.02,19.17
1542979,1.00,19.17
1543503,1.03,19.20
1544028,1.03,19.18
1544551,1.02,19.17
1545075,0.97,19.16
1545600,0.99,19.16
1546124,0.99,19.18
1546647,1.04,19.18
1547170,1.05,19.19
1547694,0.99,19.19
1548217,0.98,19.16
1548740,0.96,19.16
1549266,1.00,19.17
1549790,1.03,19.19
1550313,1.00,19.17
1550837,0.97,19.17
1551361,1.05,19.18
1551884,1.01,19.17
1552407,0.98,19.16
1552930,1.05,19.17
1553455,1.01,19.18
1553978,1.00,19.17
1554501,1.07,19.18
1555024,0.99,19.17
1555548,1.01,19.17
1556074,1.01,19.18
1556598,0.96,19.16
1557122,1.05,19.17
1557646,1.00,19.18
1558169,1.00,19.17
1558692,1.02,19.19
1559216,0.97,19.17
1559740,1.00,19.17
1560263,1.01,19.17
1560786,0.98,19.17
1561311,1.05,19.18
1561834,0.98,19.17
1562360,1.01,19.17
1562884,1.04,19.18
1563407,0.94,19.16
1563931,1.02,19.19
1564454,1.03,19.16
1564979,0.97,19.16
1565502,1.04,19.17
1566026,1.03,19.17
1566551,0.98,19.17
1567074,1.04,19.18
1567597,0.97,19.16
1568121,1.00,19.17
1568645,0.99,19.17
1569168,0.93,19.16
1569691,1.00,19.18
1570217,0.97,19.16
1570742,1.03,19.18
1571265,1.00,19.16
1571788,1.00,19.17
1572312,1.00,19.17
1572835,1.00,19.15
1573358,1.04,19.18
1573881,0.96,19.17
1574406,1.01,19.17
1574929,1.01,19.18
1575452,0.99,19.15
1575979,1.05,19.18
1576503,0.94,19.17
1577026,1.02,19.16
1577550,1.02,19.17
1578075,0.97,19.16
1578598,1.01,19.16
1579122,0.99,19.19
1579645,0.98,19.17
1580169,1.03,19.16
1580692,1.04,19.17
1581216,0.99,19.15
1581740,1.01,19.16
1582263,0.99,19.18
1582787,0.99,19.15
1583310,1.04,19.17
1583834,0.97,19.16
1584360,1.02,19.16
1584885,1.01,19.16
1585409,0.94,19.16
1585932,1.03,19.15
1586455,1.01,19.16
1586979,1.01,19.16
1587503,1.01,19.14
1588026,1.04,19.17
1588550,0.96,19.16
1589073,1.03,19.18
1589600,0.97,19.15
1590123,1.04,19.15
1590646,1.01,19.17
1591171,1.01,19.16
1591694,1.01,19.16
1592217,0.96,19.17
1592740,1.01,19.17
1593265,1.01,19.16
1593788,1.00,19.16
1594311,1.01,19.15
1594834,1.01,19.17
1595359,1.02,19.17
1595882,0.99,19.14
1596405,0.96,19.16
1596929,1.04,19.15
1597453,0.98,19.16
1597976,0.96,19.17
1598502,1.01,19.16
1599027,1.01,19.16
1599550,1.01,19.16
1600073,1.04,19.16
1600596,0.98,19.16
1601120,0.99,19.16
1601644,0.99,19.16
1602167,0.97,19.17
1602694,1.00,19.16
1603217,1.03,19.15
1603740,0.98,19.16
1604263,1.03,19.15
1604787,0.96,19.16
1605310,1.04,19.17
1605833,1.02,19.14
1606356,0.97,19.16
1606880,1.04,19.16
1607403,0.96,19.14
1607926,1.02,19.16
1608450,1.00,19.15
1608973,1.02,19.15
1609496,0.98,19.17
1610019,1.00,19.14
1610543,0.98,19.17
1611066,0.98,19.14
1611589,1.06,19.16
1612112,0.96,19.15
1612639,1.05,19.16
1613162,0.99,19.14
1613685,1.02,19.17
1614209,0.99,19.14
1614732,1.04,19.16
1615256,0.99,19.15
1615779,1.02,19.15
1616306,1.00,19.16
1616829,1.00,19.15
1617352,1.05,19.17
1617875,0.99,19.16
1618399,1.00,19.14
1618922,1.04,19.16
1619445,1.01,19.15
1619969,1.01,19.15
1620492,1.00,19.16
1621015,1.00,19.16
1621538,1.00,19.15
1622062,1.02,19.16
1622585,0.97,19.15
1623108,1.00,19.15
1623631,0.97,19.16
1624155,1.00,19.14
1624678,1.04,19.17
1625201,0.98,19.15
1625724,1.02,19.14
1626248,1.00,19.16
1626771,1.00,19.15
1627298,1.01,19.14
1627823,0.99,19.15
1628346,1.07,19.15
1628869,0.97,19.16
1629395,0.97,19.14
1629919,1.05,19.14
1630443,1.00,19.14
1630966,1.00,19.15
1631490,1.02,19.14
1632013,0.98,19.14
1632537,1.04,19.16
1633060,0.99,19.14
1633584,0.99,19.16
1634108,1.01,19.12
1634631,1.03,19.15
1635154,0.94,19.15
1635678,1.02,19.14
1636202,1.06,19.16
1636725,1.00,19.15
1637249,1.01,19.12
1637773,1.00,19.14
1638296,1.01,19.15
1638819,1.04,19.16
1639343,0.99,19.15
1639867,1.00,19.14
1640390,1.00,19.13
1640913,0.99,19.16
1641441,1.01,19.14
1641965,0.98,19.14
1642488,1.03,19.15
1643015,1.03,19.14
1643539,0.98,19.14
1644063,1.04,19.15
1644587,0.99,19.14
1645111,0.99,19.14
1645634,1.03,19.15
1646158,1.02,19.14
1646682,0.98,19.15
1647205,1.00,19.12
1647729,1.04,19.15
1648252,0.98,19.15
1648776,0.97,19.14
1649300,1.05,19.13
1649823,1.03,19.14
1650347,0.97,19.13
1650871,1.02,19.16
1651394,1.01,19.13
1651917,1.01,19.14
1652442,0.97,19.15
1652965,1.02,19.13
1653488,1.03,19.15
1654012,0.95,19.14
1654536,1.05,19.14
1655059,0.96,19.15
1655586,0.96,19.13
1656111,0.97,19.13
1656637,0.98,19.17
1657160,1.04,19.14
1657684,0.99,19.15
1658208,0.98,19.13
1658732,0.99,19.13
1659255,0.98,19.15
1659779,1.04,19.15
1660302,1.01,19.13
1660826,1.00,19.13
1661349,1.02,19.14
1661873,0.96,19.13
1662396,0.98,19.15
1662920,1.01,19.13
1663443,1.00,19.14
1663967,1.01,19.14
1664491,0.98,19.12
1665014,1.03,19.15
1665538,0.97,19.14
1666061,1.01,19.13
1666585,1.00,19.15
1667108,0.98,19.12
1667632,1.03,19.14
1668155,1.00,19.14
1668679,1.01,19.13
1669202,1.02,19.17
1669733,1.04,19.14
1670257,1.02,19.14
1670780,0.97,19.12
1671304,0.96,19.11
1671828,1.00,19.13
1672351,0.98,19.14
1672875,0.92,19.13
1673399,1.04,19.13
1673922,0.99,19.14
1674446,0.98,19.11
1674970,0.99,19.13
1675493,1.03,19.13
1676017,1.02,19.13
1676540,0.98,19.14
1677064,1.01,19.13
1677588,0.97,19.12
1678111,1.02,19.14
1678635,1.03,19.16
1679159,0.99,19.13
1679682,0.97,19.13
1680205,1.05,19.13
1680729,1.05,19.13
1681253,0.96,19.12
1681776,1.01,19.13
1682299,1.03,19.15
1682824,0.99,19.13
1683352,0.98,19.11
1683876,1.00,19.14
1684401,1.02,19.13
1684924,0.99,19.12
1685447,1.02,19.13
1685971,1.03,19.12
1686495,1.01,19.12
1687019,0.99,19.15
1687542,1.01,19.13
1688066,0.99,19.12
1688589,1.01,19.11
1689113,1.01,19.12
1689636,0.99,19.13
1690160,0.99,19.11
1690683,0.99,19.12
1691207,1.00,19.13
1691730,0.98,19.11
1692254,1.04,19.12
1692778,1.03,19.13
1693301,1.00,19.12
1693825,1.00,19.13
1694349,1.03,19.13
1694872,0.96,19.12
1695395,0.98,19.14
1695920,1.03,19.13
1696446,0.99,19.11
1696969,0.97,19.11
1697496,1.01,19.11
1698020,1.05,19.13
1698543,0.98,19.12
1699066,1.02,19.12
1699591,1.01,19.14
1700114,0.96,19.11
1700637,1.00,19.12
1701160,0.99,19.13
1701685,0.98,19.11
1702208,1.02,19.13
1702731,1.01,19.12
1703255,1.01,19.10
1703779,0.99,19.14
1704302,1.00,19.12
1704826,1.00,19.10
1705350,0.98,19.12
1705873,1.04,19.13
1706396,1.01,19.13
1706920,0.98,19.12
1707444,1.01,19.10
1707967,0.96,19.11
1708491,0.98,19.11
1709015,1.03,19.11
1709538,1.05,19.13
1710064,1.00,19.12
1710587,0.99,19.10
1711111,0.98,19.12
1711637,1.01,19.11
1712160,1.06,19.13
1712684,0.98,19.13
1713207,0.99,19.10
1713731,1.01,19.12
1714254,1.00,19.12
1714778,1.04,19.12
1715301,1.02,19.12
1715824,0.97,19.11
1716348,1.02,19.11
1716872,1.04,19.12
1717395,1.03,19.12
1717918,0.99,19.12
1718441,0.96,19.11
1718965,1.01,19.11
1719488,1.03,19.12
1720012,1.02,19.14
1720536,1.02,19.12
1721059,1.02,19.11
1721582,0.96,19.11
1722105,1.01,19.11
1722629,1.04,19.12
1723152,1.01,19.12
1723679,0.99,19.12
1724203,0.98,19.12
1724726,1.02,19.12
1725250,1.08,19.11
1725773,1.02,19.13
1726300,1.03,19.12
1726824,1.00,19.11
1727347,0.95,19.10
1727870,1.02,19.10
1728394,1.03,19.11
1728917,1.01,19.12
1729440,1.04,19.10
1729964,1.01,19.12
1730487,1.01,19.12
1731010,1.07,19.11
1731533,1.00,19.11
1732058,1.01,19.10
1732581,0.97,19.10
1733104,0.99,19.11
1733627,1.04,19.14
1734151,1.02,19.12
1734675,1.01,19.12
1735198,0.97,19.11
1735721,0.95,19.11
1736245,0.96,19.10
1736771,1.03,19.09
1737294,0.99,19.12
1737819,1.05,19.11
1738343,1.04,19.13
1738866,1.02,19.12
1739389,1.01,19.11
1739913,1.00,19.10
1740440,0.96,19.10
1740965,1.01,19.10
1741491,1.00,19.12
1742014,1.02,19.11
1742537,1.00,19.10
1743060,0.99,19.09
1743584,0.97,19.10
1744107,1.00,19.10
1744630,1.00,19.11
1745154,1.04,19.11
1745677,1.00,19.11
1746201,0.95,19.10
1746724,0.99,19.10
1747248,1.02,19.12
1747771,1.05,19.11
1748294,1.04,19.11
1748817,0.99,19.12
1749341,0.98,19.10
1749864,1.00,19.10
1750390,0.96,19.10
1750915,0.98,19.09
1751438,0.97,19.09
1751961,0.96,19.09
1752485,0.99,19.09
1753010,1.01,19.10
1753533,1.00,19.10
1754056,1.05,19.11
1754584,1.01,19.11
1755108,1.00,19.10
1755631,0.99,19.08
1756154,0.99,19.10
1756678,1.01,19.09
1757202,1.01,19.09
1757725,1.03,19.10
1758248,1.04,19.11
1758772,1.03,19.10
1759295,0.99,19.11
1759818,0.97,19.11
1760342,0.98,19.09
1760865,0.96,19.09
1761389,1.04,19.09
1761912,0.99,19.09
1762436,1.01,19.11
1762959,1.03,19.11
1763485,1.00,19.11
1764008,1.05,19.11
1764532,1.03,19.10
1765056,1.01,19.11
1765580,1.01,19.10
1766104,1.02,19.10
1766627,1.01,19.10
1767150,1.03,19.12
1767674,1.06,19.11
1768199,1.01,19.10
1768727,1.02,19.09
1769251,0.99,19.10
1769775,0.97,19.08
1770298,0.99,19.08
1770822,0.92,19.12
1771345,0.98,19.08
1771869,1.00,19.08
1772392,0.98,19.09
1772915,0.99,19.09
1773438,0.94,19.10
1773963,0.95,19.09
1774486,0.99,19.07
1775009,1.01,19.09
1775533,0.99,19.09
1776056,1.05,19.10
1776579,1.01,19.11
1777105,1.05,19.10
1777630,1.02,19.10
1778153,0.99,19.10
1778676,1.01,19.09
1779201,1.02,19.09
1779725,0.99,19.10
1780248,1.01,19.09
1780771,1.00,19.09
1781295,0.98,19.09
1781819,0.96,19.09
1782342,1.01,19.10
1782868,1.01,19.10
1783393,1.06,19.09
1783917,1.04,19.10
1784440,1.03,19.10
1784964,1.03,19.10
1785487,0.99,19.10
1786010,0.99,19.09
1786533,0.99,19.08
1787057,0.96,19.09
1787581,1.01,19.08
1788104,1.00,19.09
1788627,0.94,19.11
1789151,1.01,19.08
1789674,0.99,19.08
1790197,0.98,19.08
1790724,1.03,19.06
1791248,0.95,19.09
1791771,0.98,19.08
1792295,0.97,19.08
1792819,0.95,19.09
1793343,0.98,19.08
1793866,1.00,19.09
1794390,1.00,19.08
1794914,1.01,19.09
1795437,1.01,19.08
1795960,1.00,19.09
1796484,1.01,19.08
1797011,1.01,19.08
1797536,1.01,19.09
1798075,1.05,19.10
1798599,1.02,19.09
1799122,1.02,19.09
1799646,1.02,19.08
1800170,0.98,19.11
1800693,1.02,19.09
1801218,1.02,19.08
1801741,1.01,19.10
1802265,1.03,19.08
1802789,1.05,19.10
1803314,1.00,19.10
1803840,1.01,19.08
1804363,1.01,19.07
1804887,0.99,19.07
1805411,0.97,19.07
1805935,0.98,19.07
1806458,0.98,19.07
1806982,0.96,19.07
1807505,0.97,19.08
1808029,0.99,19.07
1808553,0.99,19.08
1809078,0.97,19.08
1809601,0.99,19.06
1810124,0.99,19.08
1810648,0.99,19.08
1811174,1.03,19.08
1811699,1.03,19.10
1812222,1.01,19.08
1812746,1.02,19.08
1813269,0.99,19.08
1813792,0.96,19.07
1814316,0.96,19.07
1814839,0.98,19.08
1815362,0.99,19.08
1815886,0.99,19.09
1816410,1.00,19.08
1816933,1.02,19.06
1817459,0.96,19.07
1817981,0.99,19.06
1818506,0.95,19.07
1819029,0.95,19.08
1819552,1.01,19.08
1820076,1.04,19.07
1820599,1.03,19.10
1821122,1.02,19.08
1821645,1.01,19.07
1822169,0.99,19.08
1822692,1.02,19.07
1823215,0.99,19.07
1823738,0.97,19.06
1824262,1.01,19.07
1824785,1.01,19.10
1825313,1.00,19.09
1825837,1.04,19.08
1826360,1.04,19.09
1826884,1.02,19.07
1827407,1.01,19.07
1827931,0.96,19.06
1828454,0.96,19.06
1828977,1.02,19.07
1829501,0.99,19.08
1830025,1.00,19.07
1830551,1.02,19.07
1831074,0.98,19.08
1831598,1.04,19.08
1832121,1.03,19.09
1832644,1.03,19.09
1833167,1.04,19.07
1833691,1.05,19.08
1834214,1.03,19.09
1834737,1.07,19.07
1835260,1.03,19.08
1835784,1.04,19.08
1836307,1.05,19.07
1836830,1.02,19.08
1837353,1.05,19.08
1837877,1.05,19.07
1838400,1.01,19.09
1838923,1.01,19.06
1839451,0.87,19.09
1839975,0.96,19.06
1840498,1.02,19.07
1841021,1.05,19.07
1841545,1.00,19.07
1842068,1.02,19.06
1842591,0.99,19.07
1843115,1.00,19.06
1843638,0.98,19.05
1844164,0.99,19.07
1844687,1.00,19.07
1845211,1.05,19.07
1845735,1.03,19.08
1846258,1.03,19.06
1846781,1.02,19.03
1847306,1.06,19.06
1847829,1.05,19.07
1848352,1.03,19.04
1848876,0.96,19.05
1849400,1.03,19.06
1849923,1.02,19.07
1850446,1.02,19.08
1850971,1.06,19.07
1851494,1.03,19.06
1852017,1.01,19.07
1852541,1.01,19.06
1853065,0.99,19.07
1853593,0.97,19.05
1854117,0.97,19.05
1854641,0.95,19.06
1855165,0.99,19.06
1855688,1.01,19.06
1856211,1.02,19.08
1856735,1.05,19.07
1857259,1.01,19.06
1857784,0.99,19.06
1858308,0.98,19.05
1858832,0.97,19.06
1859355,0.90,19.09
1859878,1.02,19.06
1860402,1.05,19.07
1860926,1.02,19.06
1861449,1.00,19.05
1861974,0.96,19.05
1862497,1.00,19.06
1863021,1.07,19.07
1863544,0.97,19.06
1864069,0.99,19.06
1864592,1.05,19.07
1865115,0.98,19.05
1865638,1.02,19.05
1866163,1.05,19.06
1866686,0.96,19.05
1867209,1.02,19.05
1867734,1.03,19.06
1868262,0.96,19.04
1868787,1.01,19.06
1869312,0.99,19.06
1869836,0.96,19.04
1870359,1.00,19.06
1870885,1.00,19.06
1871409,0.95,19.04
1871932,1.03,19.06
1872455,0.98,19.05
1872978,0.98,19.05
1873503,1.05,19.08
1874026,0.92,19.04
1874549,1.03,19.06
1875073,1.02,19.04
1875596,0.97,19.06
1876120,1.04,19.06
1876643,0.96,19.03
1877167,0.99,19.06
1877690,1.03,19.05
1878214,0.97,19.04
1878737,0.99,19.06
1879261,1.02,19.05
1879784,0.96,19.04
1880307,1.01,19.06
1880832,1.04,19.06
1881354,0.98,19.04
1881878,1.01,19.06
1882405,1.02,19.05
1882929,0.96,19.04
1883452,1.01,19.06
1883975,0.97,19.04
1884503,0.99,19.05
1885027,1.03,19.05
1885549,0.96,19.03
1886073,1.02,19.05
1886597,1.03,19.03
1887120,0.98,19.04
1887643,1.02,19.07
1888167,1.00,19.05
1888691,1.01,19.05
1889214,1.03,19.05
1889738,0.96,19.03
1890262,1.06,19.06
1890785,0.97,19.03
1891309,1.01,19.05
1891832,1.01,19.05
1892356,0.99,19.06
1892879,0.98,19.04
1893403,1.01,19.05
1893926,0.99,19.05
1894450,1.01,19.05
1894973,1.00,19.04
1895497,0.98,19.05
1896020,1.02,19.06
1896544,0.97,19.05
1897073,1.01,19.05
1897600,1.01,19.04
1898123,1.00,19.05
1898647,0.98,19.04
1899170,1.05,19.05
1899694,0.95,19.04
1900217,1.05,19.05
1900740,0.94,19.04
1901263,1.04,19.07
1901787,0.95,19.02
1902310,1.09,19.05
1902833,0.96,19.03
1903357,1.04,19.05
1903881,0.96,19.03
1904404,1.04,19.05
1904927,0.97,19.03
1905451,1.05,19.04
1905974,0.96,19.04
1906497,1.03,19.05
1907020,0.99,19.04
1907544,1.01,19.05
1908068,0.99,19.03
1908591,1.03,19.04
1909114,1.00,19.03
1909638,1.03,19.03
1910161,0.99,19.04
1910684,1.00,19.04
1911217,1.01,19.05
1911741,0.95,19.03
1912264,1.01,19.05
1912787,0.98,19.02
1913312,1.04,19.06
1913835,0.95,19.03
1914358,1.05,19.04
1914883,0.95,19.03
1915406,1.03,19.04
1915929,0.99,19.03
1916453,0.99,19.03
1916977,0.99,19.04
1917500,0.99,19.03
1918023,1.00,19.05
1918547,1.01,19.04
1919071,1.01,19.02
1919594,0.97,19.03
1920118,0.99,19.04
1920642,1.05,19.03
1921165,0.97,19.03
1921689,0.99,19.02
1922212,1.02,19.04
1922736,1.02,19.05
1923259,1.03,19.03
1923783,1.02,19.02
1924306,0.96,19.03
1924833,1.04,19.03
1925360,1.02,19.05
1925883,0.99,19.03
1926407,0.98,19.01
1926930,1.01,19.04
1927454,1.04,19.04
1927977,1.01,19.02
1928501,0.95,19.03
1929024,1.00,19.03
1929547,1.04,19.05
1930072,0.99,19.04
1930595,0.96,19.01
1931118,0.99,19.03
1931641,0.99,19.04
1932165,1.05,19.03
1932689,1.03,19.02
1933212,0.95,19.02
1933735,1.00,19.03
1934259,1.02,19.03
1934782,1.02,19.05
1935305,1.01,19.02
1935830,0.96,19.02
1936353,0.98,19.03
1936876,1.05,19.03
1937399,1.00,19.03
1937927,0.99,19.02
1938450,0.98,19.02
1938973,0.98,19.04
1939496,1.05,19.04
1940025,1.00,19.02
1940549,0.95,19.03
1941073,1.04,19.02
1941598,0.98,19.02
1942121,0.95,19.02
1942644,1.00,19.02
1943168,1.05,19.03
1943691,0.98,19.02
1944214,1.01,19.02
1944737,1.03,19.04
1945261,1.00,19.02
1945784,0.99,19.00
1946307,1.00,19.03
1946830,0.98,19.06
1947354,0.98,19.01
1947877,1.01,19.03
1948400,1.02,19.02
1948923,0.99,19.01
1949447,0.97,19.03
1949970,1.03,19.04
1950493,1.00,19.01
1951016,0.98,19.03
1951543,1.04,19.02
1952066,0.97,19.01
1952589,1.01,19.02
1953113,1.03,19.01
1953636,0.98,19.01
1954160,0.98,19.03
1954689,1.04,19.03
1955215,0.99,19.01
1955739,0.99,19.02
1956262,1.05,19.03
1956786,0.94,19.02
1957309,0.97,19.01
1957833,1.05,19.02
1958356,0.99,19.02
1958880,0.98,19.01
1959403,1.07,19.02
1959926,0.97,19.00
1960450,1.03,19.02
1960973,1.01,19.01
1961496,0.99,19.03
1962019,1.00,19.01
1962544,0.99,19.01
1963067,1.01,19.03
1963590,0.96,19.00
1964113,1.01,19.02
1964640,0.99,19.02
1965163,1.01,19.02
1965687,1.02,19.03
1966211,0.94,19.01
1966735,1.04,19.03
1967258,0.99,19.00
1967781,1.04,19.03
1968306,0.99,18.99
1968833,1.02,19.02
1969357,0.98,19.01
1969882,0.99,19.01
1970405,0.98,19.02
1970928,0.99,19.01
1971452,1.03,19.03
1971976,0.96,19.01
1972499,1.04,19.03
1973023,0.99,19.00
1973547,0.97,19.02
1974070,1.00,19.01
1974594,1.01,19.01
1975117,1.02,19.03
1975641,0.98,19.00
1976165,1.06,19.02
1976688,0.98,19.01
1977211,0.98,19.01
1977736,1.04,19.02
1978261,0.96,19.00
1978785,1.02,19.01
1979309,1.00,19.00
1979832,1.00,19.01
1980355,1.02,19.00
1980879,1.00,19.02
1981403,0.99,19.01
1981926,1.01,18.99
1982449,1.04,19.02
1982973,0.93,19.00
1983502,1.04,19.01
1984026,0.96,19.00
1984550,1.04,19.02
1985074,1.01,18.99
1985597,1.00,19.01
1986121,1.00,19.00
1986644,1.03,19.00
1987168,0.98,19.01
1987691,0.97,19.00
1988214,1.06,19.01
1988738,0.97,19.00
1989262,1.00,19.00
1989785,0.99,19.00
1990308,0.96,19.01
1990832,1.06,19.01
1991355,0.98,18.99
1991883,0.93,19.07
1992408,0.98,18.99
1992932,1.04,19.01
1993455,0.99,19.01
1993978,1.04,19.00
1994502,1.01,19.01
1995026,1.00,19.00
1995549,1.02,19.01
1996072,0.98,18.99
1996597,1.01,19.00
1997120,1.01,18.99
1997646,0.99,19.01
1998172,0.98,19.00
1998695,1.01,19.00
1999218,0.96,19.00
1999742,0.89,19.05
2000266,1.04,18.98
2000789,1.00,19.01
2001312,1.01,18.99
2001837,1.03,19.00
2002360,0.99,19.00
2002883,1.03,18.99
2003407,0.99,18.99
2003931,1.01,19.00
2004454,1.02,18.99
2004980,1.04,19.01
2005505,0.94,18.99
2006028,1.04,19.00
2006551,0.96,18.99
2007074,1.04,19.01
2007599,0.98,18.99
2008122,1.01,19.00
2008645,0.99,18.99
2009168,1.03,18.99
2009693,0.97,18.99
2010216,1.02,19.01
2010739,0.98,18.98
2011262,1.04,19.00
2011787,0.95,18.98
2012315,1.06,19.00
2012839,0.96,18.99
2013363,1.05,19.01
2013886,0.99,18.98
2014409,1.01,19.00
2014932,1.00,18.99
2015456,0.97,18.98
2015979,1.03,19.01
2016503,0.93,18.99
2017027,1.01,18.99
2017550,1.04,19.01
2018073,0.98,18.98
2018599,1.02,18.98
2019123,1.01,19.00
2019646,0.93,18.98
2020170,1.03,18.99
2020695,1.00,19.00
2021218,0.98,18.97
2021741,1.05,18.99
2022265,1.02,19.00
2022789,0.98,18.98
2023312,0.99,18.98
2023836,1.04,19.01
2024359,1.00,18.99
2024883,0.97,18.97
2025407,1.01,18.99
2025930,1.02,19.00
2026458,0.97,18.98
2026983,0.96,18.97
2027506,1.02,18.98
2028029,1.04,19.00
2028553,0.95,18.98
2029077,0.98,18.97
2029600,1.02,18.99
2030124,1.04,19.00
2030647,1.00,18.98
2031171,0.99,18.97
2031697,1.01,18.99
2032221,1.02,18.99
2032744,0.96,18.98
2033267,0.98,18.98
2033790,1.04,18.99
2034314,1.02,19.00
2034837,0.97,18.98
2035360,1.00,18.96
2035884,0.99,18.99
2036408,1.00,18.98
2036931,0.98,18.96
2037454,0.98,18.99
2037978,1.03,19.01
2038501,1.01,18.99
2039024,0.91,18.96
2039547,1.02,18.98
2040071,1.04,18.98
2040595,0.95,18.99
2041122,0.96,18.96
2041648,1.01,18.98
2042171,1.04,18.99
2042694,0.98,18.98
2043217,0.97,18.97
2043741,0.97,18.97
2044265,1.04,18.99
2044788,1.00,18.98
2045314,0.99,18.96
2045837,1.02,18.99
2046361,1.04,18.97
2046884,0.98,18.96
2047408,1.04,18.98
2047931,1.01,18.98
2048454,0.97,18.96
2048977,1.01,18.98
2049501,1.04,18.98
2050025,0.99,18.97
2050548,0.99,18.98
2051072,1.08,18.98
2051595,1.01,18.97
2052118,0.99,18.95
2052641,1.01,18.96
2053165,1.00,18.97
2053689,1.06,18.98
2054212,1.04,18.98
2054735,0.96,18.98
2055259,0.96,18.95
2055787,1.00,18.96
2056311,1.03,18.99
2056835,1.02,18.98
2057358,0.97,18.97
2057881,0.98,18.97
2058404,0.97,18.95
2058931,1.01,18.96
2059454,1.02,18.98
2059977,1.07,18.98
2060502,1.03,18.98
2061025,0.99,18.97
2061549,0.95,18.96
2062072,0.98,18.95
2062596,0.99,18.97
2063120,1.00,18.97
2063643,1.00,18.97
2064166,1.04,18.98
2064690,1.03,18.97
2065214,1.02,18.97
2065737,1.00,18.97
2066262,1.00,18.97
2066785,0.95,18.95
2067308,0.96,18.95
2067832,0.98,18.94
2068356,0.99,18.95
2068879,0.97,18.96
2069403,0.98,18.96
2069931,1.01,18.96
2070455,1.00,18.96
2070978,1.02,18.97
2071502,1.05,18.97
2072029,1.05,18.98
2072552,1.05,18.98
2073075,1.04,18.97
2073598,1.07,18.96
2074123,1.04,18.98
2074646,1.05,18.97
2075169,1.01,18.97
2075694,1.02,18.97
2076217,1.01,18.96
2076740,1.00,18.97
2077263,0.98,18.96
2077788,0.97,18.94
2078311,0.97,18.95
2078834,0.99,18.94
2079358,1.01,18.95
2079882,0.99,18.97
2080405,1.02,18.96
2080928,1.01,18.96
2081453,0.99,18.96
2081976,1.04,18.97
2082499,1.04,18.95
2083023,1.03,18.97
2083547,1.06,18.96
2084070,1.06,18.97
2084598,1.01,18.97
2085125,1.01,18.97
2085653,1.02,18.96
2086177,0.98,18.96
2086701,0.98,18.94
2087224,0.97,18.94
2087748,0.99,18.95
2088272,1.02,18.95
2088796,1.01,18.96
2089320,1.00,18.96
2089844,1.06,18.96
2090368,1.04,18.97
2090891,0.97,18.97
2091414,1.00,18.95
2091938,0.99,18.95
2092462,0.96,18.94
2092985,0.96,18.93
2093508,1.00,18.94
2094031,1.00,18.95
2094555,1.00,18.95
2095078,1.05,18.96
2095601,1.05,18.97
2096124,1.06,18.96
2096649,1.06,18.97
2097172,1.02,18.97
2097695,1.00,18.96
2098219,1.02,18.95
2098750,0.99,18.95
2099275,1.00,18.96
2099799,1.03,18.96
2100322,0.99,18.96
2100846,1.02,18.95
2101369,1.00,18.95
2101893,1.00,18.95
2102417,0.99,18.95
2102940,0.99,18.95
2103463,0.99,18.95
2103987,0.99,18.95
2104511,0.98,18.94
2105034,0.97,18.95
2105558,0.97,18.94
2106082,0.95,18.94
2106605,0.98,18.94
2107128,1.00,18.94
2107653,1.01,18.95
2108176,0.98,18.96
2108699,0.99,18.95
2109223,1.01,18.95
2109747,1.00,18.95
2110270,1.01,18.95
2110794,1.03,18.96
2111318,1.02,18.96
2111841,1.03,18.96
2112367,1.08,18.94
2112894,1.01,18.94
2113419,1.03,18.95
2113942,1.00,18.98
2114465,0.98,18.94
2114989,1.03,18.94
2115513,1.06,18.96
2116035,1.03,18.96
2116559,1.05,18.96
2117083,1.06,18.95
2117606,1.04,18.96
2118129,1.06,18.95
2118653,1.06,18.95
2119177,1.04,18.94
2119700,1.04,18.95
2120223,1.06,18.94
2120747,1.00,18.95
2121271,0.99,18.94
2121794,1.03,18.93
2122317,1.01,18.94
2122841,0.93,18.93
2123365,0.98,18.92
2123888,0.95,18.93
2124411,0.98,18.92
2124935,0.98,18.92
2125458,0.96,18.92
2125985,0.92,18.93
2126509,1.07,18.95
2127033,0.97,18.94
2127561,0.99,18.92
2128086,1.01,18.92
2128609,0.99,18.94
2129132,1.04,18.95
2129655,1.03,18.94
2130179,0.97,18.93
2130703,0.98,18.93
2131226,1.01,18.93
2131749,1.03,18.95
2132273,1.05,18.95
2132796,1.03,18.93
2133319,0.98,18.94
2133842,0.93,18.93
2134366,1.00,18.92
2134890,0.96,18.94
2135413,1.05,18.93
2135937,1.05,18.94
2136460,1.01,18.94
2136983,1.00,18.94
2137506,0.99,18.92
2138030,0.97,18.93
2138553,0.99,18.93
2139079,1.04,18.93
2139602,1.04,18.95
2140126,1.01,18.94
2140649,1.02,18.92
2141172,0.97,18.92
2141700,0.97,18.91
2142223,1.00,18.93
2142746,1.03,18.93
2143270,1.03,18.95
2143794,1.02,18.93
2144317,0.99,18.93
2144840,0.97,18.92
2145363,1.01,18.92
2145888,1.03,18.95
2146411,1.03,18.93
2146934,0.98,18.91
2147458,1.02,18.94
2147981,0.97,18.93
2148505,0.98,18.92
2149028,1.01,18.93
2149552,1.03,18.93
2150075,1.00,18.93
2150598,0.97,18.92
2151122,1.00,18.92
2151646,1.04,18.93
2152169,0.99,18.93
2152695,0.98,18.91
2153219,1.01,18.92
2153743,0.99,18.93
2154266,1.05,18.93
2154789,0.99,18.92
2155313,0.98,18.92
2155836,0.99,18.91
2156364,1.00,18.92
2156889,1.00,18.93
2157413,1.07,18.93
2157937,1.00,18.94
2158460,1.00,18.94
2158984,1.01,18.92
2159507,0.98,18.91
2160030,0.98,18.92
2160553,1.01,18.92
2161077,1.03,18.92
2161600,1.02,18.93
2162123,1.01,18.92
2162647,0.93,18.92
2163170,0.96,18.91
2163693,0.99,18.90
2164216,0.98,18.92
2164740,1.00,18.92
2165263,1.03,18.92
2165789,0.98,18.92
2166312,1.01,18.94
2166837,1.01,18.92
2167360,0.98,18.92
2167883,0.96,18.92
2168407,0.97,18.91
2168930,0.96,18.90
2169453,0.97,18.91
2169977,1.00,18.90
2170501,0.99,18.91
2171030,1.00,18.91
2171555,0.97,18.92
2172081,0.98,18.92
2172604,0.99,18.92
2173127,1.01,18.91
2173650,1.01,18.93
2174174,1.02,18.92
2174697,1.02,18.93
2175220,0.99,18.91
2175744,0.96,18.90
2176268,1.04,18.93
2176791,0.95,18.90
2177314,0.94,18.92
2177838,1.02,18.92
2178361,0.91,18.91
2178884,1.02,18.92
2179410,1.01,18.90
2179935,0.97,18.90
2180459,1.04,18.94
2180983,1.01,18.90
2181507,0.96,18.90
2182031,1.06,18.92
2182554,1.00,18.89
2183077,1.03,18.90
2183602,1.03,18.92
2184125,1.05,18.91
2184648,1.01,18.89
2185176,0.85,18.92
2185701,0.99,18.92
2186224,1.05,18.92
2186748,1.05,18.92
2187272,1.04,18.92
2187795,1.06,18.92
2188319,1.05,18.92
2188843,1.05,18.92
2189366,1.05,18.92
2189890,1.03,18.92
2190413,1.04,18.92
2190937,1.08,18.91
2191461,1.05,18.92
2191984,1.05,18.92
2192507,1.03,18.92
2193034,1.01,18.91
2193557,1.00,18.91
2194081,0.99,18.90
2194605,1.00,18.90
2195128,1.00,18.90
2195651,0.98,18.89
2196175,0.94,18.89
2196699,0.98,18.91
2197222,0.99,18.89
2197745,1.03,18.92
2198269,1.02,18.92
2198793,1.05,18.93
2199316,0.98,18.92
2199844,0.97,18.90
2200370,0.97,18.88
2200893,1.01,18.91
2201416,1.02,18.92
2201940,1.03,18.91
2202464,0.99,18.89
2202987,0.95,18.90
2203510,1.02,18.91
2204034,0.96,18.90
2204558,0.97,18.88
2205081,0.96,18.91
2205604,1.00,18.93
2206133,1.00,18.91
2206657,0.95,18.88
2207181,1.00,18.92
2207705,1.05,18.91
2208228,0.99,18.88
2208751,0.98,18.91
2209274,1.04,18.91
2209799,0.98,18.89
2210322,0.99,18.91
2210845,1.04,18.92
2211369,1.01,18.89
2211893,1.00,18.88
2212416,0.99,18.90
2212939,1.04,18.90
2213464,1.01,18.90
2213991,0.98,18.90
2214514,0.98,18.88
2215037,0.99,18.89
2215562,0.99,18.91
2216085,0.97,18.88
2216608,0.93,18.90
2217132,0.97,18.91
2217656,1.00,18.91
2218179,1.07,18.91
2218702,0.99,18.90
2219226,0.97,18.89
2219754,1.03,18.90
2220279,1.02,18.88
2220803,1.04,18.91
2221326,0.99,18.88
2221849,1.01,18.91
2222373,1.00,18.89
2222897,0.95,18.89
2223420,1.04,18.91
2223944,1.01,18.89
2224467,1.03,18.88
2224991,1.03,18.90
2225515,0.99,18.90
2226038,1.06,18.89
2226562,1.00,18.89
2227085,0.99,18.88
2227609,1.00,18.90
2228132,1.00,18.89
2228661,0.93,18.88
2229185,1.03,18.90
2229708,0.98,18.89
2230232,0.98,18.88
2230755,1.04,18.90
2231278,0.93,18.91
2231802,0.96,18.88
2232326,1.00,18.89
2232852,1.00,18.89
2233376,0.97,18.87
2233901,1.00,18.89
2234424,1.00,18.90
2234948,0.99,18.89
2235471,1.03,18.89
2235996,1.04,18.90
2236519,0.99,18.90
2237042,1.00,18.88
2237566,0.99,18.87
2238090,1.00,18.89
2238613,1.02,18.88
2239136,1.01,18.89
2239661,1.02,18.89
2240184,1.02,18.88
2240707,0.93,18.87
2241231,0.97,18.90
2241755,1.00,18.92
2242278,1.05,18.89
2242806,1.04,18.90
2243331,1.04,18.89
2243854,1.05,18.88
2244378,1.00,18.91
2244901,1.03,18.89
2245425,1.05,18.88
2245949,1.02,18.89
2246475,1.03,18.88
2246999,1.04,18.89
2247522,0.99,18.89
2248045,1.02,18.86
2248568,1.00,18.89
2249092,0.98,18.88
2249615,0.95,18.89
2250139,0.99,18.88
2250662,0.99,18.88
2251186,0.99,18.87
2251709,0.96,18.87
2252232,0.95,18.87
2252756,0.98,18.87
2253280,0.96,18.88
2253803,1.15,18.80
2254326,1.00,18.82
2254850,1.38,18.60
2255373,2.05,18.37
2255897,1.91,18.33
2256420,1.70,18.42
2256944,2.04,18.21
2257472,2.07,18.27
2257995,2.29,18.22
2258519,1.90,18.34
2259042,2.05,18.32
2259565,1.76,18.32
2260092,1.85,18.30
2260616,1.76,18.32
2261139,2.37,18.15
2261662,2.31,18.30
2262185,1.77,18.34
2262709,1.01,18.70
2263232,1.04,18.80
2263755,1.03,18.78
2264279,0.88,18.82
2264802,0.95,18.87
2265325,1.08,18.85
2265848,1.08,18.83
2266372,0.95,18.86
2266895,0.97,18.81
2267418,1.00,18.86
2267941,1.00,18.88
2268465,1.01,18.87
2268988,1.00,18.85
2269511,2.42,18.22
2270034,2.19,18.29
2270558,1.88,18.25
2271081,1.98,18.31
2271604,1.14,18.67
2272132,1.61,18.54
2272657,1.69,18.45
2273185,1.35,18.60
2273710,1.96,18.37
2274233,1.85,18.32
2274757,1.90,18.32
2275280,1.99,18.32
2275805,2.66,18.14
2276328,1.89,18.31
2276853,1.07,18.66
2277378,1.01,18.76
2277901,0.99,18.79
2278424,2.28,18.30
2278947,1.85,18.33
2279471,1.01,18.69
2279994,1.99,18.32
2280517,1.77,18.32
2281041,0.99,18.69
2281565,1.17,18.63
2282088,1.95,18.30
2282611,1.91,18.33
2283134,1.17,18.63
2283658,2.07,18.08
2284181,1.90,18.31
2284704,2.30,18.17
2285229,1.68,18.29
2285752,1.84,18.29
2286279,1.39,18.54
2286808,0.98,18.72
2287332,0.97,18.75
2287855,1.01,18.79
2288378,1.02,18.79
2288903,1.00,18.79
2289427,1.01,18.82
2289950,0.99,18.80
2290475,1.02,18.81
2290999,0.99,18.83
2291523,1.01,18.80
2292045,0.99,18.82
2292570,0.99,18.82
2293093,0.97,18.82
2293616,1.00,18.82
2294139,1.01,18.83
2294663,1.03,18.83
2295186,1.01,18.82
2295709,0.99,18.83
2296232,1.01,18.82
2296757,1.01,18.82
2297280,0.99,18.82
2297803,1.00,18.82
2298327,1.00,18.82
2298850,0.98,18.82
2299373,0.95,18.83
2299899,0.99,18.82
2300428,0.99,18.83
2300952,0.99,18.82
2301475,0.99,18.82
2302000,0.98,18.82
2302523,0.99,18.82
2303046,0.98,18.82
2303570,0.97,18.82
2304094,0.99,18.81
2304617,0.98,18.82
2305141,0.97,18.82
2305665,0.99,18.81
2306188,0.97,18.81
2306711,0.97,18.82
2307235,1.00,18.82
2307759,1.00,18.82
2308282,0.98,18.83
2308806,1.00,18.82
2309329,1.02,18.83
2309853,1.01,18.83
2310377,1.01,18.82
2310900,1.00,18.82
2311424,0.99,18.82
2311948,1.00,18.82
2312471,1.01,18.82
2312994,1.00,18.83
2313521,1.02,18.82
2314044,1.02,18.82
2314568,0.99,18.83
2315097,0.99,18.81
2315621,0.99,18.81
2316145,0.98,18.81
2316668,0.99,18.81
2317192,0.97,18.81
2317716,0.99,18.82
2318239,1.00,18.82
2318763,1.05,18.82
2319286,1.01,18.81
2319809,0.96,18.81
2320333,1.01,18.82
2320857,1.01,18.83
2321380,1.00,18.81
2321903,1.00,18.82
2322427,1.03,18.83
2322951,0.99,18.82
2323474,1.00,18.81
2323997,1.01,18.83
2324521,1.01,18.83
2325045,1.00,18.80
2325568,0.99,18.82
2326091,1.01,18.82
2326616,0.99,18.80
2327142,1.00,18.82
2327665,1.02,18.82
2328189,1.01,18.81
2328713,1.01,18.81
2329240,1.01,18.84
2329763,1.01,18.81
2330288,0.98,18.81
2330811,1.02,18.83
2331334,1.00,18.81
2331857,1.00,18.80
2332382,0.99,18.82
2332905,1.02,18.82
2333428,0.99,18.80
2333952,0.97,18.81
2334476,0.99,18.82
2334999,1.01,18.82
2335522,0.99,18.80
2336046,0.97,18.80
2336570,1.00,18.82
2337093,1.03,18.81
2337616,1.00,18.81
2338140,1.01,18.81
2338664,0.99,18.81
2339187,1.01,18.81
2339710,1.00,18.80
2340238,0.99,18.81
2340761,0.99,18.80
2341284,0.99,18.80
2341809,0.97,18.81
2342332,0.99,18.80
2342855,1.00,18.81
2343379,0.98,18.81
2343908,1.00,18.81
2344432,1.01,18.81
2344955,1.01,18.82
2345480,1.03,18.81
2346003,1.04,18.81
2346526,0.99,18.81
2347051,1.00,18.80
2347574,1.00,18.80
2348097,0.98,18.80
2348620,0.98,18.80
2349145,1.01,18.81
2349668,0.99,18.81
2350191,1.00,18.81
2350715,1.02,18.81
2351239,1.01,18.81
2351762,1.00,18.81
2352286,1.01,18.80
2352809,0.99,18.81
2353334,0.98,18.79
2353859,1.01,18.80
2354382,0.99,18.81
2354907,0.99,18.80
2355430,1.04,18.80
2355953,1.01,18.81
2356476,1.00,18.80
2357000,1.02,18.80
2357524,0.99,18.80
2358051,0.98,18.79
2358575,0.99,18.80
2359098,0.99,18.80
2359621,0.99,18.80
2360144,1.03,18.80
2360668,1.02,18.81
2361191,1.00,18.80
2361715,1.00,18.79
2362238,1.00,18.80
2362762,0.98,18.79
2363285,0.99,18.79
2363808,0.99,18.80
2364332,0.99,18.80
2364855,1.01,18.79
2365378,1.01,18.80
2365902,1.02,18.81
2366426,1.02,18.79
2366960,0.99,18.80
2367483,0.99,18.79
2368007,0.99,18.78
2368530,0.99,18.79
2369053,0.99,18.79
2369577,1.02,18.80
2370101,1.02,18.80
2370624,1.00,18.79
2371147,1.01,18.79
2371671,1.01,18.79
2372200,0.97,18.79
2372724,0.99,18.79
2373249,1.00,18.79
2373773,1.00,18.80
2374296,1.03,18.79
2374819,1.00,18.79
2375343,0.99,18.79
2375866,1.00,18.78
2376389,0.98,18.79
2376912,0.99,18.79
2377436,1.00,18.79
2377959,1.02,18.80
2378482,1.00,18.80
2379005,1.00,18.79
2379529,0.99,18.78
2380052,0.98,18.79
2380578,1.01,18.79
2381103,1.02,18.79
2381626,1.00,18.79
2382149,0.98,18.78
2382673,1.00,18.79
2383198,0.99,18.79
2383721,1.02,18.79
2384244,1.01,18.78
2384768,0.97,18.78
2385293,1.00,18.79
2385817,1.03,18.79
2386344,1.00,18.79
2386869,0.97,18.78
2387392,1.01,18.78
2387915,1.01,18.80
2388439,1.00,18.78
2388963,0.99,18.77
2389486,1.00,18.79
2390009,1.02,18.79
2390533,1.02,18.78
2391056,0.97,18.79
2391579,1.01,18.79
2392103,1.01,18.78
2392627,0.98,18.78
2393150,0.99,18.78
2393673,1.02,18.78
2394200,0.99,18.78
2394723,0.97,18.77
2395247,1.01,18.78
2395770,1.03,18.79
2396295,0.99,18.78
2396818,0.99,18.77
2397341,1.02,18.79
2397865,1.00,18.78
2398389,0.99,18.77
2398913,1.00,18.78
2399437,0.99,18.78
2399962,0.98,18.77
2400485,1.00,18.78
2401013,1.01,18.78
2401538,0.98,18.77
2402061,1.00,18.77
2402584,1.00,18.78
2403107,1.00,18.77
2403631,1.00,18.78
2404154,1.02,18.79
2404678,1.00,18.77
2405201,1.00,18.77
2405725,1.01,18.79
2406248,1.01,18.78
2406772,1.01,18.77
2407299,1.01,18.78
2407823,0.99,18.77
2408346,1.02,18.77
2408869,1.02,18.78
2409393,0.99,18.77
2409917,1.01,18.77
2410440,1.01,18.78
2410963,0.99,18.77
2411488,1.01,18.77
2412011,1.02,18.78
2412534,0.98,18.76
2413059,1.01,18.77
2413582,0.99,18.77
2414105,0.98,18.76
2414629,1.01,18.77
2415157,0.99,18.77
2415681,0.97,18.76
2416204,1.01,18.77
2416729,1.00,18.77
2417252,0.96,18.76
2417775,1.01,18.77
2418298,1.00,18.77
2418822,0.98,18.77
2419346,1.03,18.77
2419869,1.00,18.77
2420393,0.99,18.77
2420920,1.03,18.77
2421443,1.00,18.76
2421966,0.98,18.77
2422491,1.03,18.77
2423014,1.02,18.76
2423537,0.99,18.77
2424061,1.02,18.76
2424585,0.99,18.75
2425108,0.99,18.77
2425632,1.01,18.76
2426156,0.99,18.75
2426679,0.99,18.77
2427203,0.99,18.76
2427726,1.00,18.75
2428250,1.00,18.77
2428773,1.00,18.76
2429297,1.00,18.75
2429826,1.01,18.77
2430351,0.99,18.75
2430876,1.01,18.75
2431401,1.00,18.76
2431925,0.96,18.75
2432448,1.01,18.76
2432971,0.99,18.76
2433495,0.97,18.76
2434021,1.03,18.76
2434544,0.98,18.75
2435068,0.99,18.76
2435592,1.01,18.75
2436116,0.98,18.75
2436639,1.01,18.77
2437164,1.01,18.75
2437687,1.01,18.75
2438210,1.01,18.76
2438734,0.98,18.75
2439260,1.01,18.76
2439783,0.99,18.76
2440306,1.00,18.75
2440829,1.03,18.76
2441353,0.99,18.75
2441876,1.00,18.75
2442399,1.01,18.75
2442924,0.97,18.75
2443447,1.00,18.76
2443974,1.01,18.75
2444497,0.99,18.76
2445021,1.02,18.75
2445544,1.00,18.74
2446068,0.99,18.75
2446592,1.00,18.75
2447115,0.99,18.74
2447643,1.01,18.76
2448167,0.99,18.75
2448691,1.00,18.74
2449215,1.00,18.75
2449738,0.98,18.74
2450262,1.01,18.75
2450786,0.99,18.75
2451309,0.99,18.75
2451832,1.03,18.75
2452357,0.99,18.74
2452880,0.98,18.75
2453403,1.02,18.74
2453926,0.98,18.74
2454451,1.00,18.76
2454974,1.00,18.74
2455498,1.00,18.74
2456022,1.00,18.75
2456545,0.99,18.74
2457068,1.02,18.75
2457592,0.99,18.74
2458116,1.00,18.74
2458644,1.01,18.74
2459168,0.97,18.74
2459692,1.02,18.75
2460215,0.99,18.73
2460738,1.00,18.75
2461264,1.00,18.74
2461788,1.01,18.74
2462311,0.99,18.74
2462834,0.98,18.74
2463357,1.03,18.74
2463881,1.00,18.74
2464404,0.99,18.74
2464927,1.00,18.74
2465451,1.00,18.74
2465974,1.01,18.75
2466497,0.99,18.73
2467020,1.00,18.74
2467544,1.00,18.73
2468067,1.00,18.74
2468590,1.00,18.74
2469113,0.99,18.74
2469637,1.01,18.73
2470160,0.99,18.73
2470683,1.01,18.75
2471206,0.98,18.73
2471730,1.02,18.74
2472253,0.99,18.74
2472780,0.99,18.73
2473304,1.01,18.73
2473827,0.99,18.74
2474355,1.00,18.73
2474880,1.01,18.73
2475403,0.99,18.74
2475926,0.98,18.73
2476449,1.03,18.73
2476973,0.98,18.73
2477497,1.01,18.74
2478020,1.01,18.73
2478543,0.99,18.73
2479067,0.99,18.73
2479590,1.00,18.73
2480114,1.00,18.73
2480637,0.99,18.73
2481161,1.00,18.73
2481684,1.00,18.73
2482207,1.00,18.73
2482731,0.99,18.73
2483255,1.02,18.73
2483778,0.97,18.73
2484301,1.03,18.74
2484825,1.00,18.71
2485348,1.01,18.74
2485872,1.00,18.72
2486395,1.02,18.73
2486919,0.97,18.72
2487446,1.01,18.73
2487974,1.01,18.71
2488501,1.00,18.73
2489025,0.98,18.71
2489548,1.04,18.73
2490072,0.98,18.72
2490595,1.01,18.73
2491118,1.00,18.71
2491642,1.01,18.73
2492166,0.98,18.72
2492689,1.02,18.73
2493212,0.99,18.71
2493735,1.01,18.73
2494259,1.00,18.71
2494782,1.01,18.73
2495306,0.98,18.72
2495830,1.01,18.73
2496353,1.00,18.72
2496876,1.01,18.73
2497399,0.98,18.71
2497923,1.03,18.72
2498446,0.98,18.72
2498969,1.01,18.72
2499493,1.00,18.71
2500017,1.00,18.72
2500540,0.99,18.72
2501066,1.01,18.71
2501594,0.99,18.72
2502118,1.00,18.72
2502641,1.00,18.71
2503164,1.00,18.72
2503688,0.99,18.72
2504212,1.01,18.71
2504735,1.00,18.73
2505259,0.98,18.71
2505782,1.03,18.72
2506306,0.98,18.71
2506829,1.01,18.73
2507353,0.98,18.71
2507877,1.03,18.71
2508400,0.99,18.72
2508923,1.00,18.71
2509448,1.01,18.71
2509971,0.99,18.71
2510494,1.01,18.72
2511019,0.99,18.70
2511542,1.01,18.72
2512065,0.99,18.71
2512589,1.01,18.70
2513113,1.00,18.71
2513636,1.00,18.71
2514159,1.02,18.71
2514686,0.98,18.71
2515210,0.99,18.71
2515734,1.01,18.71
2516261,1.00,18.71
2516787,1.00,18.72
2517310,0.99,18.70
2517833,1.02,18.71
2518356,0.99,18.71
2518880,1.00,18.71
2519403,0.99,18.71
2519926,0.98,18.70
2520450,1.02,18.71
2520987,1.00,18.71
2521511,0.99,18.71
2522035,1.00,18.70
2522558,1.00,18.70
2523082,1.68,18.40
2523606,1.01,18.69
2524129,1.00,18.69
2524653,1.81,18.25
2525176,1.81,18.24
2525700,1.83,18.31
2526224,1.60,18.25
2526747,1.94,18.20
2527270,1.69,18.27
2527795,1.80,18.22
2528321,1.86,18.20
2528844,1.66,18.28
2529368,1.02,18.58
2529892,0.96,18.63
2530417,0.98,18.64
2530941,1.00,18.66
2531465,0.98,18.66
2531988,0.98,18.66
2532512,1.01,18.67
2533036,0.00,14.88
2533559,-0.00,6.60
